sl_5_86400_20280716 Contact Analysis.csv
2028/07/16 07:47:00.0000 UTC

Generated: Tue Oct  8 21:10:58 2024,
Start: 2028/07/16 07:47:00.00, Stop: 2028/07/17 07:47:00.00,
Analysis,Rise,Set,Duration,
ID,SECONDS,SECONDS,SECONDS,
Contact STARLINK-1202 - STARLINK-4780,3249.796,10195.846,6946.051,
Contact STARLINK-1202 - STARLINK-4780,17522.360,24460.393,6938.033,
Contact STARLINK-1202 - STARLINK-4780,31782.995,33028.530,1245.535,
Contact STARLINK-1202 - STARLINK-4780,40349.054,47292.886,6943.832,
Contact STARLINK-1202 - STARLINK-4780,54609.897,61568.907,6959.010,
Contact STARLINK-1202 - STARLINK-4780,71730.276,75833.021,4102.745,
Contact STARLINK-1202 - STARLINK-4780,86003.365,86400.000,396.635,
Contact STARLINK-1202 - MoonARTEMIS1,0.000,24994.563,24994.563,
Contact STARLINK-1202 - MoonARTEMIS1,25541.822,53453.763,27911.941,
Contact STARLINK-1202 - MoonARTEMIS1,54414.723,81974.845,27560.122,
Contact STARLINK-1202 - MoonARTEMIS1,83208.464,86400.000,3191.536,
Contact STARLINK-1202 - MoonARTEMIS2,0.000,53556.164,53556.164,
Contact STARLINK-1202 - MoonARTEMIS2,54377.617,82007.409,27629.793,
Contact STARLINK-1202 - MoonARTEMIS2,83220.458,86400.000,3179.542,
Contact STARLINK-1202 - MoonIOAGEO,2695.306,25093.470,22398.164,
Contact STARLINK-1202 - MoonIOAGEO,25386.924,42087.697,16700.773,
Contact STARLINK-1202 - MoonIOAGEO,46453.412,53481.485,7028.072,
Contact STARLINK-1202 - MoonIOAGEO,54489.948,81983.058,27493.109,
Contact STARLINK-1202 - MoonIOAGEO,83237.701,86400.000,3162.299,
Contact STARLINK-1202 - MoonIOAGNO,3863.580,43671.774,39808.194,
Contact STARLINK-1202 - MoonIOAGNO,48677.687,53501.856,4824.169,
Contact STARLINK-1202 - MoonIOAGNO,54414.990,82012.626,27597.636,
Contact STARLINK-1202 - MoonIOAGNO,83237.883,86400.000,3162.117,
Contact STARLINK-1202 - MoonIOAGNO 0001,0.000,21535.871,21535.871,
Contact STARLINK-1202 - MoonIOAGNO 0001,25641.486,53557.843,27916.358,
Contact STARLINK-1202 - MoonIOAGNO 0001,54353.690,64888.312,10534.622,
Contact STARLINK-1202 - MoonIOAGNO 0001,68874.940,82035.094,13160.153,
Contact STARLINK-1202 - MoonIOAGNO 0001,83231.777,86400.000,3168.223,
Contact STARLINK-1202 - MoonIOAGSO,0.000,24911.283,24911.283,
Contact STARLINK-1202 - MoonIOAGSO,25538.474,53468.828,27930.354,
Contact STARLINK-1202 - MoonIOAGSO,54480.205,81956.858,27476.653,
Contact STARLINK-1202 - MoonIOAGSO,83230.796,86400.000,3169.204,
Contact STARLINK-1202 - MoonIOAGSO 0001,0.000,25128.483,25128.483,
Contact STARLINK-1202 - MoonIOAGSO 0001,25333.979,53415.079,28081.100,
Contact STARLINK-1202 - MoonIOAGSO 0001,54423.691,81949.533,27525.842,
Contact STARLINK-1202 - MoonIOAGSO 0001,83286.155,86400.000,3113.845,
Contact STARLINK-1202 - MoonLRO,0.000,6971.123,6971.123,
Contact STARLINK-1202 - MoonLRO,9613.377,13801.428,4188.051,
Contact STARLINK-1202 - MoonLRO,16428.663,20605.677,4177.014,
Contact STARLINK-1202 - MoonLRO,30132.041,34244.343,4112.302,
Contact STARLINK-1202 - MoonLRO,37096.302,41095.688,3999.386,
Contact STARLINK-1202 - MoonLRO,43786.582,47806.912,4020.331,
Contact STARLINK-1202 - MoonLRO,57442.202,68372.885,10930.682,
Contact STARLINK-1202 - MoonLRO,71749.019,75222.597,3473.578,
Contact STARLINK-1202 - MoonLRO,77952.976,82000.668,4047.692,
Contact STARLINK-1202 - MoonLRO,84767.842,86400.000,1632.158,
Contact STARLINK-1202 - MarsSat1,0.000,2174.377,2174.377,
Contact STARLINK-1202 - MarsSat1,4131.538,13587.497,9455.959,
Contact STARLINK-1202 - MarsSat1,15551.243,25000.651,9449.408,
Contact STARLINK-1202 - MarsSat1,26970.778,30707.240,3736.462,
Contact STARLINK-1202 - MarsSat1,32680.484,42120.452,9439.968,
Contact STARLINK-1202 - MarsSat1,44099.791,53533.723,9433.932,
Contact STARLINK-1202 - MarsSat1,55518.987,59240.387,3721.400,
Contact STARLINK-1202 - MarsSat1,61228.554,70653.778,9425.224,
Contact STARLINK-1202 - MarsSat1,72647.631,82067.246,9419.614,
Contact STARLINK-1202 - MarsSat2,0.000,2174.417,2174.417,
Contact STARLINK-1202 - MarsSat2,4131.608,13587.492,9455.884,
Contact STARLINK-1202 - MarsSat2,15551.265,25000.625,9449.360,
Contact STARLINK-1202 - MarsSat2,26970.786,30707.214,3736.427,
Contact STARLINK-1202 - MarsSat2,32680.498,42120.435,9439.936,
Contact STARLINK-1202 - MarsSat2,44099.828,53533.714,9433.887,
Contact STARLINK-1202 - MarsSat2,55519.036,59240.376,3721.340,
Contact STARLINK-1202 - MarsSat2,61228.597,70653.746,9425.149,
Contact STARLINK-1202 - MarsSat2,72647.636,82067.179,9419.543,
Contact STARLINK-1202 - MarsSat2,84066.571,86400.000,2333.429,
Contact STARLINK-1202 - MarsSat3,0.000,2174.361,2174.361,
Contact STARLINK-1202 - MarsSat3,4131.523,13587.421,9455.898,
Contact STARLINK-1202 - MarsSat3,15551.169,25000.560,9449.391,
Contact STARLINK-1202 - MarsSat3,26970.692,30707.170,3736.477,
Contact STARLINK-1202 - MarsSat3,32680.418,42120.469,9440.051,
Contact STARLINK-1202 - MarsSat3,44099.809,53533.815,9434.006,
Contact STARLINK-1202 - MarsSat3,55519.079,59240.494,3721.415,
Contact STARLINK-1202 - MarsSat3,61228.663,70653.872,9425.209,
Contact STARLINK-1202 - MarsSat3,72647.729,82067.286,9419.557,
Contact STARLINK-1202 - MarsSat3,84066.668,86400.000,2333.332,
Contact STARLINK-1202 - MarsSat4,0.000,2174.335,2174.335,
Contact STARLINK-1202 - MarsSat4,4131.488,13587.445,9455.958,
Contact STARLINK-1202 - MarsSat4,15551.162,25000.637,9449.475,
Contact STARLINK-1202 - MarsSat4,26970.740,30707.212,3736.472,
Contact STARLINK-1202 - MarsSat4,32680.448,42120.433,9439.985,
Contact STARLINK-1202 - MarsSat4,44099.781,53533.776,9433.994,
Contact STARLINK-1202 - MarsSat4,55519.048,59240.451,3721.403,
Contact STARLINK-1202 - MarsSat4,61228.630,70653.786,9425.157,
Contact STARLINK-1202 - MarsSat4,72647.655,82067.258,9419.603,
Contact STARLINK-1202 - MarsSat4,84066.627,86400.000,2333.373,
Contact STARLINK-4780 - MoonARTEMIS1,0.000,6897.956,6897.956,
Contact STARLINK-4780 - MoonARTEMIS1,9064.825,12624.548,3559.723,
Contact STARLINK-4780 - MoonARTEMIS1,14788.321,24069.713,9281.392,
Contact STARLINK-4780 - MoonARTEMIS1,26230.902,35512.960,9282.058,
Contact STARLINK-4780 - MoonARTEMIS1,37672.309,41234.538,3562.229,
Contact STARLINK-4780 - MoonARTEMIS1,43393.056,52678.166,9285.110,
Contact STARLINK-4780 - MoonARTEMIS1,54835.124,64123.036,9287.912,
Contact STARLINK-4780 - MoonARTEMIS1,66278.555,69846.211,3567.656,
Contact STARLINK-4780 - MoonARTEMIS1,77724.366,81294.966,3570.599,
Contact STARLINK-4780 - MoonARTEMIS1,83448.757,86400.000,2951.243,
Contact STARLINK-4780 - MoonARTEMIS2,0.000,6905.015,6905.015,
Contact STARLINK-4780 - MoonARTEMIS2,9071.863,12628.651,3556.788,
Contact STARLINK-4780 - MoonARTEMIS2,14795.184,24074.596,9279.412,
Contact STARLINK-4780 - MoonARTEMIS2,26240.423,35519.805,9279.382,
Contact STARLINK-4780 - MoonARTEMIS2,37684.622,41242.319,3557.697,
Contact STARLINK-4780 - MoonARTEMIS2,43406.484,52687.388,9280.904,
Contact STARLINK-4780 - MoonARTEMIS2,54849.905,64132.789,9282.885,
Contact STARLINK-4780 - MoonARTEMIS2,66293.139,69855.761,3562.623,
Contact STARLINK-4780 - MoonARTEMIS2,77736.640,81302.907,3566.267,
Contact STARLINK-4780 - MoonARTEMIS2,83458.884,86400.000,2941.116,
Contact STARLINK-4780 - MoonIOAGEO,3335.773,6899.619,3563.846,
Contact STARLINK-4780 - MoonIOAGEO,9066.960,12627.087,3560.127,
Contact STARLINK-4780 - MoonIOAGEO,14791.355,24061.040,9269.685,
Contact STARLINK-4780 - MoonIOAGEO,26222.079,35499.652,9277.573,
Contact STARLINK-4780 - MoonIOAGEO,37663.937,41230.555,3566.619,
Contact STARLINK-4780 - MoonIOAGEO,46479.967,52698.863,6218.896,
Contact STARLINK-4780 - MoonIOAGEO,54859.219,64142.667,9283.448,
Contact STARLINK-4780 - MoonIOAGEO,66296.877,69857.247,3560.370,
Contact STARLINK-4780 - MoonIOAGEO,77730.953,81302.455,3571.502,
Contact STARLINK-4780 - MoonIOAGEO,83458.866,86400.000,2941.134,
Contact STARLINK-4780 - MoonIOAGNO,9056.889,12614.370,3557.481,
Contact STARLINK-4780 - MoonIOAGNO,14780.198,24060.637,9280.438,
Contact STARLINK-4780 - MoonIOAGNO,26225.753,35508.595,9282.842,
Contact STARLINK-4780 - MoonIOAGNO,37672.020,41233.859,3561.839,
Contact STARLINK-4780 - MoonIOAGNO,49122.488,52688.172,3565.684,
Contact STARLINK-4780 - MoonIOAGNO,54848.582,64134.170,9285.588,
Contact STARLINK-4780 - MoonIOAGNO,66293.993,69857.949,3563.956,
Contact STARLINK-4780 - MoonIOAGNO,77739.836,81308.485,3568.650,
Contact STARLINK-4780 - MoonIOAGNO,83463.792,86400.000,2936.208,
Contact STARLINK-4780 - MoonIOAGNO 0001,0.000,6888.247,6888.247,
Contact STARLINK-4780 - MoonIOAGNO 0001,9054.284,12611.996,3557.712,
Contact STARLINK-4780 - MoonIOAGNO 0001,14777.535,18336.372,3558.837,
Contact STARLINK-4780 - MoonIOAGNO 0001,26226.287,35511.782,9285.495,
Contact STARLINK-4780 - MoonIOAGNO 0001,37675.479,41234.791,3559.312,
Contact STARLINK-4780 - MoonIOAGNO 0001,43398.106,52682.350,9284.244,
Contact STARLINK-4780 - MoonIOAGNO 0001,54843.780,64133.746,9289.966,
Contact STARLINK-4780 - MoonIOAGNO 0001,77745.694,81312.409,3566.715,
Contact STARLINK-4780 - MoonIOAGNO 0001,83468.407,86400.000,2931.593,
Contact STARLINK-4780 - MoonIOAGSO,0.000,6893.846,6893.846,
Contact STARLINK-4780 - MoonIOAGSO,9062.384,12618.210,3555.825,
Contact STARLINK-4780 - MoonIOAGSO,14779.948,24052.711,9272.763,
Contact STARLINK-4780 - MoonIOAGSO,26213.964,35494.969,9281.005,
Contact STARLINK-4780 - MoonIOAGSO,37657.552,41221.277,3563.725,
Contact STARLINK-4780 - MoonIOAGSO,43385.576,52693.967,9308.391,
Contact STARLINK-4780 - MoonIOAGSO,54851.659,64132.736,9281.078,
Contact STARLINK-4780 - MoonIOAGSO,66285.955,69852.323,3566.368,
Contact STARLINK-4780 - MoonIOAGSO,77727.093,81298.200,3571.106,
Contact STARLINK-4780 - MoonIOAGSO,83452.421,86400.000,2947.579,
Contact STARLINK-4780 - MoonIOAGSO 0001,0.000,6875.212,6875.212,
Contact STARLINK-4780 - MoonIOAGSO 0001,9039.303,12596.794,3557.491,
Contact STARLINK-4780 - MoonIOAGSO 0001,14761.817,24053.223,9291.406,
Contact STARLINK-4780 - MoonIOAGSO 0001,26223.287,35515.097,9291.810,
Contact STARLINK-4780 - MoonIOAGSO 0001,37673.730,41232.648,3558.919,
Contact STARLINK-4780 - MoonIOAGSO 0001,43390.476,52671.983,9281.507,
Contact STARLINK-4780 - MoonIOAGSO 0001,54830.033,64122.937,9292.905,
Contact STARLINK-4780 - MoonIOAGSO 0001,66283.863,69859.339,3575.476,
Contact STARLINK-4780 - MoonIOAGSO 0001,77747.385,81316.036,3568.651,
Contact STARLINK-4780 - MoonIOAGSO 0001,83464.654,86400.000,2935.346,
Contact STARLINK-4780 - MoonLRO,0.000,6892.176,6892.176,
Contact STARLINK-4780 - MoonLRO,9612.481,12613.417,3000.936,
Contact STARLINK-4780 - MoonLRO,16451.386,18335.766,1884.380,
Contact STARLINK-4780 - MoonLRO,31948.220,34266.112,2317.892,
Contact STARLINK-4780 - MoonLRO,37672.579,41093.741,3421.162,
Contact STARLINK-4780 - MoonLRO,43784.359,46961.409,3177.050,
Contact STARLINK-4780 - MoonLRO,57458.626,61555.975,4097.349,
Contact STARLINK-4780 - MoonLRO,77949.262,81314.374,3365.112,
Contact STARLINK-4780 - MoonLRO,84787.777,86400.000,1612.223,
Contact STARLINK-4780 - MarsSat1,0.000,1883.823,1883.823,
Contact STARLINK-4780 - MarsSat1,3933.395,13314.761,9381.366,
Contact STARLINK-4780 - MarsSat1,15362.976,24745.700,9382.724,
Contact STARLINK-4780 - MarsSat1,26792.586,30461.169,3668.583,
Contact STARLINK-4780 - MarsSat1,32507.402,41892.113,9384.711,
Contact STARLINK-4780 - MarsSat1,43937.069,53323.088,9386.019,
Contact STARLINK-4780 - MarsSat1,55366.807,64754.114,9387.307,
Contact STARLINK-4780 - MarsSat1,66796.640,70469.649,3673.009,
Contact STARLINK-4780 - MarsSat1,72511.594,81900.757,9389.162,
Contact STARLINK-4780 - MarsSat2,0.000,1883.907,1883.907,
Contact STARLINK-4780 - MarsSat2,3933.467,13314.809,9381.342,
Contact STARLINK-4780 - MarsSat2,15363.007,24745.740,9382.733,
Contact STARLINK-4780 - MarsSat2,26792.608,30461.216,3668.608,
Contact STARLINK-4780 - MarsSat2,32507.432,41892.187,9384.755,
Contact STARLINK-4780 - MarsSat2,43937.124,53323.182,9386.058,
Contact STARLINK-4780 - MarsSat2,55366.878,64754.199,9387.322,
Contact STARLINK-4780 - MarsSat2,66796.693,70469.716,3673.023,
Contact STARLINK-4780 - MarsSat2,72511.624,81900.763,9389.140,
Contact STARLINK-4780 - MarsSat2,83941.535,86400.000,2458.465,
Contact STARLINK-4780 - MarsSat3,0.000,1883.836,1883.836,
Contact STARLINK-4780 - MarsSat3,3933.388,13314.736,9381.348,
Contact STARLINK-4780 - MarsSat3,15362.920,24745.656,9382.736,
Contact STARLINK-4780 - MarsSat3,26792.516,30461.125,3668.609,
Contact STARLINK-4780 - MarsSat3,32507.345,41892.095,9384.750,
Contact STARLINK-4780 - MarsSat3,43937.074,53323.118,9386.044,
Contact STARLINK-4780 - MarsSat3,55366.878,64754.176,9387.298,
Contact STARLINK-4780 - MarsSat3,66796.734,70469.713,3672.979,
Contact STARLINK-4780 - MarsSat3,72511.681,81900.800,9389.119,
Contact STARLINK-4780 - MarsSat3,83941.612,86400.000,2458.388,
Contact STARLINK-4780 - MarsSat4,0.000,1883.813,1883.813,
Contact STARLINK-4780 - MarsSat4,3933.356,13314.686,9381.331,
Contact STARLINK-4780 - MarsSat4,15362.896,24745.640,9382.744,
Contact STARLINK-4780 - MarsSat4,26792.543,30461.145,3668.601,
Contact STARLINK-4780 - MarsSat4,32507.373,41892.101,9384.728,
Contact STARLINK-4780 - MarsSat4,43937.059,53323.107,9386.049,
Contact STARLINK-4780 - MarsSat4,55366.855,64754.184,9387.329,
Contact STARLINK-4780 - MarsSat4,66796.699,70469.696,3672.997,
Contact STARLINK-4780 - MarsSat4,72511.625,81900.744,9389.119,
Contact STARLINK-4780 - MarsSat4,83941.561,86400.000,2458.439,
Contact STARLINK-31808 - STARLINK-5246,3007.408,4144.697,1137.289,
Contact STARLINK-31808 - STARLINK-5246,11469.271,18268.527,6799.255,
Contact STARLINK-31808 - STARLINK-5246,28411.826,29558.534,1146.708,
Contact STARLINK-31808 - STARLINK-5246,42543.318,43659.513,1116.195,
Contact STARLINK-31808 - STARLINK-5246,53847.853,57767.063,3919.210,
Contact STARLINK-31808 - STARLINK-5246,67977.508,69043.858,1066.350,
Contact STARLINK-31808 - STARLINK-5246,82126.121,83127.521,1001.400,
Contact STARLINK-31808 - MoonARTEMIS1,1671.375,5179.735,3508.360,
Contact STARLINK-31808 - MoonARTEMIS1,7336.160,16479.194,9143.034,
Contact STARLINK-31808 - MoonARTEMIS1,18634.044,27766.600,9132.555,
Contact STARLINK-31808 - MoonARTEMIS1,29923.691,39051.290,9127.598,
Contact STARLINK-31808 - MoonARTEMIS1,41211.062,44693.144,3482.082,
Contact STARLINK-31808 - MoonARTEMIS1,52497.481,55976.379,3478.898,
Contact STARLINK-31808 - MoonARTEMIS1,58140.564,67259.503,9118.940,
Contact STARLINK-31808 - MoonARTEMIS1,69426.876,78543.248,9116.372,
Contact STARLINK-31808 - MoonARTEMIS1,80714.136,86400.000,5685.864,
Contact STARLINK-31808 - MoonARTEMIS2,1687.488,5178.566,3491.078,
Contact STARLINK-31808 - MoonARTEMIS2,7332.192,16461.882,9129.690,
Contact STARLINK-31808 - MoonARTEMIS2,18620.437,27745.717,9125.280,
Contact STARLINK-31808 - MoonARTEMIS2,29908.400,39030.344,9121.943,
Contact STARLINK-31808 - MoonARTEMIS2,41196.553,44672.991,3476.439,
Contact STARLINK-31808 - MoonARTEMIS2,52485.128,55959.048,3473.921,
Contact STARLINK-31808 - MoonARTEMIS2,58129.650,67246.356,9116.707,
Contact STARLINK-31808 - MoonARTEMIS2,69419.412,78535.560,9116.149,
Contact STARLINK-31808 - MoonARTEMIS2,80710.873,86400.000,5689.127,
Contact STARLINK-31808 - MoonIOAGEO,2669.691,5183.764,2514.073,
Contact STARLINK-31808 - MoonIOAGEO,7337.221,16473.066,9135.845,
Contact STARLINK-31808 - MoonIOAGEO,18627.058,27747.374,9120.316,
Contact STARLINK-31808 - MoonIOAGEO,29903.627,39037.924,9134.298,
Contact STARLINK-31808 - MoonIOAGEO,52509.639,55986.257,3476.618,
Contact STARLINK-31808 - MoonIOAGEO,58155.301,67262.472,9107.170,
Contact STARLINK-31808 - MoonIOAGEO,69431.295,78543.361,9112.066,
Contact STARLINK-31808 - MoonIOAGEO,80717.609,86400.000,5682.391,
Contact STARLINK-31808 - MoonIOAGNO,7331.157,16448.704,9117.547,
Contact STARLINK-31808 - MoonIOAGNO,18602.887,27733.799,9130.912,
Contact STARLINK-31808 - MoonIOAGNO,29894.612,39032.836,9138.224,
Contact STARLINK-31808 - MoonIOAGNO,41198.852,43461.035,2262.183,
Contact STARLINK-31808 - MoonIOAGNO,52498.749,55966.174,3467.425,
Contact STARLINK-31808 - MoonIOAGNO,58131.614,67242.787,9111.173,
Contact STARLINK-31808 - MoonIOAGNO,69414.812,78535.898,9121.085,
Contact STARLINK-31808 - MoonIOAGNO,80712.339,86400.000,5687.661,
Contact STARLINK-31808 - MoonIOAGNO 0001,1659.391,5154.985,3495.594,
Contact STARLINK-31808 - MoonIOAGNO 0001,7307.281,16453.993,9146.712,
Contact STARLINK-31808 - MoonIOAGNO 0001,29916.437,39025.791,9109.354,
Contact STARLINK-31808 - MoonIOAGNO 0001,41188.188,44666.517,3478.328,
Contact STARLINK-31808 - MoonIOAGNO 0001,52479.477,55959.318,3479.841,
Contact STARLINK-31808 - MoonIOAGNO 0001,58129.919,65584.422,7454.503,
Contact STARLINK-31808 - MoonIOAGNO 0001,69440.091,78540.537,9100.446,
Contact STARLINK-31808 - MoonIOAGNO 0001,80712.071,86400.000,5687.929,
Contact STARLINK-31808 - MoonIOAGSO,1668.897,5169.842,3500.946,
Contact STARLINK-31808 - MoonIOAGSO,7327.668,16479.850,9152.182,
Contact STARLINK-31808 - MoonIOAGSO,18632.632,27763.334,9130.702,
Contact STARLINK-31808 - MoonIOAGSO,29917.001,39040.715,9123.714,
Contact STARLINK-31808 - MoonIOAGSO,41199.218,44680.332,3481.114,
Contact STARLINK-31808 - MoonIOAGSO,52506.148,55989.008,3482.860,
Contact STARLINK-31808 - MoonIOAGSO,58158.650,67276.842,9118.193,
Contact STARLINK-31808 - MoonIOAGSO,69445.080,78554.338,9109.258,
Contact STARLINK-31808 - MoonIOAGSO,80724.546,86400.000,5675.454,
Contact STARLINK-31808 - MoonIOAGSO 0001,1686.896,5184.847,3497.951,
Contact STARLINK-31808 - MoonIOAGSO 0001,7328.938,16463.223,9134.285,
Contact STARLINK-31808 - MoonIOAGSO 0001,18612.641,27750.705,9138.065,
Contact STARLINK-31808 - MoonIOAGSO 0001,29918.548,39058.133,9139.586,
Contact STARLINK-31808 - MoonIOAGSO 0001,41219.286,44700.482,3481.196,
Contact STARLINK-31808 - MoonIOAGSO 0001,52502.372,55978.855,3476.482,
Contact STARLINK-31808 - MoonIOAGSO 0001,58142.484,67256.628,9114.144,
Contact STARLINK-31808 - MoonIOAGSO 0001,69428.514,78566.013,9137.499,
Contact STARLINK-31808 - MoonIOAGSO 0001,80741.131,86400.000,5658.869,
Contact STARLINK-31808 - MoonLRO,2795.473,5173.776,2378.303,
Contact STARLINK-31808 - MoonLRO,9605.106,10822.713,1217.608,
Contact STARLINK-31808 - MoonLRO,24269.110,27417.016,3147.907,
Contact STARLINK-31808 - MoonLRO,30138.383,33395.612,3257.229,
Contact STARLINK-31808 - MoonLRO,52498.014,54730.362,2232.348,
Contact STARLINK-31808 - MoonLRO,58147.488,67261.067,9113.579,
Contact STARLINK-31808 - MoonLRO,71122.953,72908.137,1785.184,
Contact STARLINK-31808 - MoonLRO,86371.995,86400.000,28.005,
Contact STARLINK-31808 - MarsSat1,0.000,5755.986,5755.986,
Contact STARLINK-31808 - MarsSat1,7892.094,17025.384,9133.290,
Contact STARLINK-31808 - MarsSat1,19160.268,28294.788,9134.520,
Contact STARLINK-31808 - MarsSat1,30428.384,33929.494,3501.110,
Contact STARLINK-31808 - MarsSat1,41696.446,45198.918,3502.472,
Contact STARLINK-31808 - MarsSat1,47330.459,56468.369,9137.911,
Contact STARLINK-31808 - MarsSat1,58598.451,67737.858,9139.407,
Contact STARLINK-31808 - MarsSat1,69866.404,79007.387,9140.984,
Contact STARLINK-31808 - MarsSat1,81134.317,83043.527,1909.210,
Contact STARLINK-31808 - MarsSat2,0.000,5756.029,5756.029,
Contact STARLINK-31808 - MarsSat2,7892.131,17025.426,9133.295,
Contact STARLINK-31808 - MarsSat2,19160.310,28294.840,9134.530,
Contact STARLINK-31808 - MarsSat2,30428.437,33929.553,3501.116,
Contact STARLINK-31808 - MarsSat2,41696.513,45198.994,3502.481,
Contact STARLINK-31808 - MarsSat2,47330.531,56468.454,9137.923,
Contact STARLINK-31808 - MarsSat2,58598.530,67737.936,9139.407,
Contact STARLINK-31808 - MarsSat2,69866.476,79007.440,9140.964,
Contact STARLINK-31808 - MarsSat2,81134.368,84642.200,3507.831,
Contact STARLINK-31808 - MarsSat3,0.000,5756.006,5756.006,
Contact STARLINK-31808 - MarsSat3,7892.119,17025.406,9133.287,
Contact STARLINK-31808 - MarsSat3,19160.299,28294.798,9134.499,
Contact STARLINK-31808 - MarsSat3,30428.398,33929.490,3501.091,
Contact STARLINK-31808 - MarsSat3,41696.423,45198.890,3502.467,
Contact STARLINK-31808 - MarsSat3,47330.424,56468.347,9137.923,
Contact STARLINK-31808 - MarsSat3,58598.417,67737.853,9139.436,
Contact STARLINK-31808 - MarsSat3,69866.387,79007.398,9141.011,
Contact STARLINK-31808 - MarsSat3,81134.321,84642.182,3507.862,
Contact STARLINK-31808 - MarsSat4,0.000,5755.989,5755.989,
Contact STARLINK-31808 - MarsSat4,7892.095,17025.339,9133.244,
Contact STARLINK-31808 - MarsSat4,19160.228,28294.768,9134.540,
Contact STARLINK-31808 - MarsSat4,30428.383,33929.504,3501.121,
Contact STARLINK-31808 - MarsSat4,41696.451,45198.912,3502.461,
Contact STARLINK-31808 - MarsSat4,47330.447,56468.364,9137.916,
Contact STARLINK-31808 - MarsSat4,58598.445,67737.900,9139.455,
Contact STARLINK-31808 - MarsSat4,69866.435,79007.382,9140.947,
Contact STARLINK-31808 - MarsSat4,81134.301,84642.140,3507.839,
Contact STARLINK-5246 - STARLINK-31171,7087.578,10806.428,3718.850,
Contact STARLINK-5246 - STARLINK-31171,21246.152,22068.952,822.800,
Contact STARLINK-5246 - STARLINK-31171,35399.461,36147.221,747.760,
Contact STARLINK-5246 - STARLINK-31171,46734.823,47396.859,662.036,
Contact STARLINK-5246 - STARLINK-31171,60927.484,61435.111,507.628,
Contact STARLINK-5246 - MoonARTEMIS1,1449.988,10650.561,9200.574,
Contact STARLINK-5246 - MoonARTEMIS1,12819.872,16325.699,3505.827,
Contact STARLINK-5246 - MoonARTEMIS1,18494.951,27673.124,9178.173,
Contact STARLINK-5246 - MoonARTEMIS1,29842.916,39019.796,9176.880,
Contact STARLINK-5246 - MoonARTEMIS1,41190.213,44693.222,3503.009,
Contact STARLINK-5246 - MoonARTEMIS1,52537.839,56040.671,3502.832,
Contact STARLINK-5246 - MoonARTEMIS1,58211.982,67389.461,9177.479,
Contact STARLINK-5246 - MoonARTEMIS1,69561.386,78740.561,9179.174,
Contact STARLINK-5246 - MoonARTEMIS1,80913.267,84417.565,3504.298,
Contact STARLINK-5246 - MoonARTEMIS2,1472.107,10657.003,9184.896,
Contact STARLINK-5246 - MoonARTEMIS2,12826.726,16332.340,3505.614,
Contact STARLINK-5246 - MoonARTEMIS2,18502.808,27681.891,9179.083,
Contact STARLINK-5246 - MoonARTEMIS2,29853.753,39030.635,9176.882,
Contact STARLINK-5246 - MoonARTEMIS2,41203.639,44704.845,3501.206,
Contact STARLINK-5246 - MoonARTEMIS2,52552.805,56053.123,3500.319,
Contact STARLINK-5246 - MoonARTEMIS2,58227.189,67401.467,9174.278,
Contact STARLINK-5246 - MoonARTEMIS2,69575.724,78750.421,9174.697,
Contact STARLINK-5246 - MoonARTEMIS2,80924.433,84425.594,3501.160,
Contact STARLINK-5246 - MoonIOAGEO,2618.081,10653.209,8035.128,
Contact STARLINK-5246 - MoonIOAGEO,12823.188,16327.486,3504.298,
Contact STARLINK-5246 - MoonIOAGEO,18495.671,27662.777,9167.106,
Contact STARLINK-5246 - MoonIOAGEO,29831.609,39013.371,9181.762,
Contact STARLINK-5246 - MoonIOAGEO,52558.568,56063.217,3504.649,
Contact STARLINK-5246 - MoonIOAGEO,58236.615,67403.836,9167.221,
Contact STARLINK-5246 - MoonIOAGEO,69574.430,78746.181,9171.751,
Contact STARLINK-5246 - MoonIOAGEO,80920.692,84428.007,3507.315,
Contact STARLINK-5246 - MoonIOAGNO,7134.579,10643.268,3508.690,
Contact STARLINK-5246 - MoonIOAGNO,12811.989,16319.606,3507.617,
Contact STARLINK-5246 - MoonIOAGNO,18488.106,27670.173,9182.067,
Contact STARLINK-5246 - MoonIOAGNO,29839.869,39020.467,9180.598,
Contact STARLINK-5246 - MoonIOAGNO,41192.218,43498.411,2306.193,
Contact STARLINK-5246 - MoonIOAGNO,52549.969,56053.011,3503.043,
Contact STARLINK-5246 - MoonIOAGNO,58226.606,67404.016,9177.409,
Contact STARLINK-5246 - MoonIOAGNO,69577.324,78755.083,9177.759,
Contact STARLINK-5246 - MoonIOAGNO,80928.347,84431.657,3503.310,
Contact STARLINK-5246 - MoonIOAGNO 0001,1456.665,10642.423,9185.758,
Contact STARLINK-5246 - MoonIOAGNO 0001,12809.269,16317.293,3508.024,
Contact STARLINK-5246 - MoonIOAGNO 0001,29842.398,39023.529,9181.131,
Contact STARLINK-5246 - MoonIOAGNO 0001,41195.243,44698.858,3503.614,
Contact STARLINK-5246 - MoonIOAGNO 0001,52546.330,56049.333,3503.003,
Contact STARLINK-5246 - MoonIOAGNO 0001,58222.103,65615.365,7393.262,
Contact STARLINK-5246 - MoonIOAGNO 0001,69576.784,78759.886,9183.103,
Contact STARLINK-5246 - MoonIOAGNO 0001,80933.701,84435.428,3501.727,
Contact STARLINK-5246 - MoonIOAGSO,1445.978,10646.672,9200.694,
Contact STARLINK-5246 - MoonIOAGSO,12813.824,16314.681,3500.857,
Contact STARLINK-5246 - MoonIOAGSO,18482.890,27654.690,9171.800,
Contact STARLINK-5246 - MoonIOAGSO,29825.645,39005.460,9179.814,
Contact STARLINK-5246 - MoonIOAGSO,41179.661,44687.700,3508.038,
Contact STARLINK-5246 - MoonIOAGSO,52554.338,56054.025,3499.687,
Contact STARLINK-5246 - MoonIOAGSO,58225.043,67393.916,9168.873,
Contact STARLINK-5246 - MoonIOAGSO,69565.911,78741.705,9175.794,
Contact STARLINK-5246 - MoonIOAGSO,80915.613,84420.536,3504.923,
Contact STARLINK-5246 - MoonIOAGSO 0001,1446.591,10624.056,9177.465,
Contact STARLINK-5246 - MoonIOAGSO 0001,12793.299,16300.345,3507.046,
Contact STARLINK-5246 - MoonIOAGSO 0001,18471.514,27671.203,9199.689,
Contact STARLINK-5246 - MoonIOAGSO 0001,29847.314,39018.195,9170.881,
Contact STARLINK-5246 - MoonIOAGSO 0001,41188.806,44687.928,3499.123,
Contact STARLINK-5246 - MoonIOAGSO 0001,52532.438,56034.194,3501.756,
Contact STARLINK-5246 - MoonIOAGSO 0001,58208.108,67395.783,9187.675,
Contact STARLINK-5246 - MoonIOAGSO 0001,69575.084,78760.250,9185.166,
Contact STARLINK-5246 - MoonIOAGSO 0001,80930.752,84430.410,3499.658,
Contact STARLINK-5246 - MoonLRO,2774.536,4963.768,2189.232,
Contact STARLINK-5246 - MoonLRO,24162.071,27445.532,3283.461,
Contact STARLINK-5246 - MoonLRO,30114.317,33346.212,3231.895,
Contact STARLINK-5246 - MoonLRO,52545.782,54741.102,2195.320,
Contact STARLINK-5246 - MoonLRO,58222.509,67404.586,9182.077,
Contact STARLINK-5246 - MoonLRO,71119.604,73078.986,1959.382,
Contact STARLINK-5246 - MarsSat1,2002.803,5580.345,3577.542,
Contact STARLINK-5246 - MarsSat1,7670.357,16917.028,9246.671,
Contact STARLINK-5246 - MarsSat1,19005.481,28253.729,9248.247,
Contact STARLINK-5246 - MarsSat1,30340.621,33922.087,3581.466,
Contact STARLINK-5246 - MarsSat1,41675.788,45258.830,3583.043,
Contact STARLINK-5246 - MarsSat1,47343.389,56595.634,9252.245,
Contact STARLINK-5246 - MarsSat1,58678.646,67932.516,9253.871,
Contact STARLINK-5246 - MarsSat1,70013.988,73600.988,3587.001,
Contact STARLINK-5246 - MarsSat1,75681.691,83043.539,7361.847,
Contact STARLINK-5246 - MarsSat2,2002.876,5580.410,3577.534,
Contact STARLINK-5246 - MarsSat2,7670.405,16917.061,9246.655,
Contact STARLINK-5246 - MarsSat2,19005.498,28253.760,9248.262,
Contact STARLINK-5246 - MarsSat2,30340.637,33922.127,3581.489,
Contact STARLINK-5246 - MarsSat2,41675.825,45258.896,3583.071,
Contact STARLINK-5246 - MarsSat2,47343.438,56595.713,9252.275,
Contact STARLINK-5246 - MarsSat2,58678.700,67932.575,9253.875,
Contact STARLINK-5246 - MarsSat2,70014.015,73601.024,3587.009,
Contact STARLINK-5246 - MarsSat2,75681.693,84937.957,9256.264,
Contact STARLINK-5246 - MarsSat3,2002.804,5580.337,3577.533,
Contact STARLINK-5246 - MarsSat3,7670.328,16916.981,9246.653,
Contact STARLINK-5246 - MarsSat3,19005.413,28253.673,9248.260,
Contact STARLINK-5246 - MarsSat3,30340.557,33922.042,3581.485,
Contact STARLINK-5246 - MarsSat3,41675.783,45258.837,3583.054,
Contact STARLINK-5246 - MarsSat3,47343.422,56595.693,9252.271,
Contact STARLINK-5246 - MarsSat3,58678.732,67932.594,9253.862,
Contact STARLINK-5246 - MarsSat3,70014.080,73601.060,3586.980,
Contact STARLINK-5246 - MarsSat3,75681.768,84938.019,9256.251,
Contact STARLINK-5246 - MarsSat4,2002.777,5580.304,3577.527,
Contact STARLINK-5246 - MarsSat4,7670.297,16916.951,9246.654,
Contact STARLINK-5246 - MarsSat4,19005.414,28253.693,9248.279,
Contact STARLINK-5246 - MarsSat4,30340.592,33922.065,3581.473,
Contact STARLINK-5246 - MarsSat4,41675.769,45258.825,3583.056,
Contact STARLINK-5246 - MarsSat4,47343.396,56595.679,9252.284,
Contact STARLINK-5246 - MarsSat4,58678.711,67932.571,9253.860,
Contact STARLINK-5246 - MarsSat4,70014.024,73601.014,3586.990,
Contact STARLINK-5246 - MarsSat4,75681.706,84937.969,9256.263,
Contact STARLINK-31171 - MoonARTEMIS1,0.000,86400.000,86400.000,
Contact STARLINK-31171 - MoonARTEMIS2,0.000,86400.000,86400.000,
Contact STARLINK-31171 - MoonIOAGEO,2523.787,42720.481,40196.694,
Contact STARLINK-31171 - MoonIOAGEO,46647.550,86400.000,39752.450,
Contact STARLINK-31171 - MoonIOAGNO,3824.963,43418.551,39593.587,
Contact STARLINK-31171 - MoonIOAGNO,47174.499,86400.000,39225.501,
Contact STARLINK-31171 - MoonIOAGNO 0001,0.000,21493.004,21493.004,
Contact STARLINK-31171 - MoonIOAGNO 0001,25480.111,65460.127,39980.016,
Contact STARLINK-31171 - MoonIOAGNO 0001,68896.644,86400.000,17503.356,
Contact STARLINK-31171 - MoonIOAGSO,0.000,86400.000,86400.000,
Contact STARLINK-31171 - MoonIOAGSO 0001,0.000,86400.000,86400.000,
Contact STARLINK-31171 - MoonLRO,0.000,6950.047,6950.047,
Contact STARLINK-31171 - MoonLRO,9605.702,13757.654,4151.952,
Contact STARLINK-31171 - MoonLRO,16469.033,20600.713,4131.679,
Contact STARLINK-31171 - MoonLRO,23300.249,27452.237,4151.988,
Contact STARLINK-31171 - MoonLRO,30107.605,34272.217,4164.612,
Contact STARLINK-31171 - MoonLRO,36931.894,41071.640,4139.746,
Contact STARLINK-31171 - MoonLRO,43789.170,47888.923,4099.752,
Contact STARLINK-31171 - MoonLRO,50641.876,68394.937,17753.061,
Contact STARLINK-31171 - MoonLRO,71105.031,75197.216,4092.185,
Contact STARLINK-31171 - MoonLRO,77963.703,82024.283,4060.579,
Contact STARLINK-31171 - MoonLRO,84803.939,86400.000,1596.061,
Contact STARLINK-31171 - MarsSat1,1484.126,16828.841,15344.715,
Contact STARLINK-31171 - MarsSat1,18402.274,28086.855,9684.581,
Contact STARLINK-31171 - MarsSat1,29680.213,39345.083,9664.870,
Contact STARLINK-31171 - MarsSat1,40957.548,56232.835,15275.287,
Contact STARLINK-31171 - MarsSat1,57872.587,67491.616,9619.029,
Contact STARLINK-31171 - MarsSat1,69148.731,78750.611,9601.880,
Contact STARLINK-31171 - MarsSat1,80424.465,83043.246,2618.781,
Contact STARLINK-31171 - MarsSat2,1484.285,16828.795,15344.511,
Contact STARLINK-31171 - MarsSat2,18402.324,28086.787,9684.463,
Contact STARLINK-31171 - MarsSat2,29680.261,39345.016,9664.755,
Contact STARLINK-31171 - MarsSat2,40957.633,56232.775,15275.143,
Contact STARLINK-31171 - MarsSat2,57872.701,67491.542,9618.841,
Contact STARLINK-31171 - MarsSat2,69148.797,78750.510,9601.713,
Contact STARLINK-31171 - MarsSat2,80424.436,86400.000,5975.564,
Contact STARLINK-31171 - MarsSat3,1484.142,16828.710,15344.569,
Contact STARLINK-31171 - MarsSat3,18402.166,28086.738,9684.572,
Contact STARLINK-31171 - MarsSat3,29680.102,39345.085,9664.983,
Contact STARLINK-31171 - MarsSat3,40957.524,56232.980,15275.457,
Contact STARLINK-31171 - MarsSat3,57872.721,67491.754,9619.032,
Contact STARLINK-31171 - MarsSat3,69148.883,78750.681,9601.798,
Contact STARLINK-31171 - MarsSat3,80424.559,86400.000,5975.441,
Contact STARLINK-31171 - MarsSat4,1484.094,16828.814,15344.720,
Contact STARLINK-31171 - MarsSat4,18402.133,28086.846,9684.712,
Contact STARLINK-31171 - MarsSat4,29680.158,39345.036,9664.878,
Contact STARLINK-31171 - MarsSat4,40957.514,56232.921,15275.407,
Contact STARLINK-31171 - MarsSat4,57872.690,67491.615,9618.926,
Contact STARLINK-31171 - MarsSat4,69148.805,78750.626,9601.820,
Contact STARLINK-31171 - MarsSat4,80424.466,86400.000,5975.534,
Contact MoonARTEMIS1 - MoonARTEMIS2,0.000,36272.748,36272.748,
Contact MoonARTEMIS1 - MoonARTEMIS2,43250.147,86400.000,43149.853,
Contact MoonARTEMIS1 - MoonIOAGEO,0.000,2544.664,2544.664,
Contact MoonARTEMIS1 - MoonIOAGEO,4725.388,22395.067,17669.679,
Contact MoonARTEMIS1 - MoonIOAGEO,27177.984,61863.708,34685.724,
Contact MoonARTEMIS1 - MoonIOAGEO,66657.829,86400.000,19742.171,
Contact MoonARTEMIS1 - MoonIOAGNO,0.000,2729.273,2729.273,
Contact MoonARTEMIS1 - MoonIOAGNO,5050.561,86400.000,81349.439,
Contact MoonARTEMIS1 - MoonIOAGNO 0001,0.000,29468.179,29468.179,
Contact MoonARTEMIS1 - MoonIOAGNO 0001,32829.770,86400.000,53570.230,
Contact MoonARTEMIS1 - MoonIOAGSO,0.000,86400.000,86400.000,
Contact MoonARTEMIS1 - MoonIOAGSO 0001,0.000,86400.000,86400.000,
Contact MoonARTEMIS1 - MoonLRO,0.000,92.346,92.346,
Contact MoonARTEMIS1 - MoonLRO,13718.101,17219.669,3501.569,
Contact MoonARTEMIS1 - MoonLRO,20446.139,24075.331,3629.192,
Contact MoonARTEMIS1 - MoonLRO,27211.436,30919.504,3708.068,
Contact MoonARTEMIS1 - MoonLRO,33988.790,37759.106,3770.316,
Contact MoonARTEMIS1 - MoonLRO,40770.145,44596.571,3826.426,
Contact MoonARTEMIS1 - MoonLRO,47551.060,51433.129,3882.069,
Contact MoonARTEMIS1 - MoonLRO,54327.538,71946.794,17619.256,
Contact MoonARTEMIS1 - MoonLRO,74539.638,78792.962,4253.324,
Contact MoonARTEMIS1 - MoonLRO,81096.100,85677.747,4581.647,
Contact MoonARTEMIS1 - MarsSat1,0.000,2164.667,2164.667,
Contact MoonARTEMIS1 - MarsSat1,4259.031,83052.268,78793.237,
Contact MoonARTEMIS1 - MarsSat2,0.000,2164.534,2164.534,
Contact MoonARTEMIS1 - MarsSat2,4258.961,86400.000,82141.039,
Contact MoonARTEMIS1 - MarsSat3,0.000,2164.639,2164.639,
Contact MoonARTEMIS1 - MarsSat3,4259.028,86400.000,82140.972,
Contact MoonARTEMIS1 - MarsSat4,0.000,2164.669,2164.669,
Contact MoonARTEMIS1 - MarsSat4,4259.057,86400.000,82140.943,
Contact MoonARTEMIS2 - MoonIOAGEO,0.000,42922.738,42922.738,
Contact MoonARTEMIS2 - MoonIOAGEO,47251.091,86400.000,39148.909,
Contact MoonARTEMIS2 - MoonIOAGNO,0.000,44705.742,44705.742,
Contact MoonARTEMIS2 - MoonIOAGNO,48823.857,86400.000,37576.143,
Contact MoonARTEMIS2 - MoonIOAGNO 0001,0.000,22472.453,22472.453,
Contact MoonARTEMIS2 - MoonIOAGNO 0001,26852.616,67325.185,40472.568,
Contact MoonARTEMIS2 - MoonIOAGNO 0001,70723.731,86400.000,15676.269,
Contact MoonARTEMIS2 - MoonIOAGSO,0.000,86400.000,86400.000,
Contact MoonARTEMIS2 - MoonIOAGSO 0001,0.000,86400.000,86400.000,
Contact MoonARTEMIS2 - MoonLRO,0.000,14226.209,14226.209,
Contact MoonARTEMIS2 - MoonLRO,17042.190,21012.954,3970.765,
Contact MoonARTEMIS2 - MoonLRO,23859.629,27809.927,3950.298,
Contact MoonARTEMIS2 - MoonLRO,30681.516,34611.808,3930.292,
Contact MoonARTEMIS2 - MoonLRO,37505.661,41416.138,3910.476,
Contact MoonARTEMIS2 - MoonLRO,44331.254,48221.432,3890.179,
Contact MoonARTEMIS2 - MoonLRO,51158.013,55026.517,3868.504,
Contact MoonARTEMIS2 - MoonLRO,57985.961,61830.127,3844.167,
Contact MoonARTEMIS2 - MoonLRO,64815.418,75423.916,10608.498,
Contact MoonARTEMIS2 - MoonLRO,78483.659,82201.485,3717.826,
Contact MoonARTEMIS2 - MoonLRO,85332.838,86400.000,1067.162,
Contact MoonARTEMIS2 - MarsSat1,0.000,83051.725,83051.725,
Contact MoonARTEMIS2 - MarsSat2,0.000,86400.000,86400.000,
Contact MoonARTEMIS2 - MarsSat3,0.000,86400.000,86400.000,
Contact MoonARTEMIS2 - MarsSat4,0.000,86400.000,86400.000,
Contact MoonIOAGEO - MoonIOAGNO,0.000,86400.000,86400.000,
Contact MoonIOAGEO - MoonIOAGNO 0001,0.000,18467.775,18467.775,
Contact MoonIOAGEO - MoonIOAGNO 0001,27679.222,61663.780,33984.558,
Contact MoonIOAGEO - MoonIOAGNO 0001,70877.729,86400.000,15522.271,
Contact MoonIOAGEO - MoonIOAGSO,0.000,86400.000,86400.000,
Contact MoonIOAGEO - MoonIOAGSO 0001,0.000,28318.883,28318.883,
Contact MoonIOAGEO - MoonIOAGSO 0001,32804.063,71517.341,38713.278,
Contact MoonIOAGEO - MoonIOAGSO 0001,76003.539,86400.000,10396.461,
Contact MoonIOAGEO - MoonLRO,0.000,3261.431,3261.431,
Contact MoonIOAGEO - MoonLRO,6892.743,10178.910,3286.167,
Contact MoonIOAGEO - MoonLRO,13977.410,20287.870,6310.461,
Contact MoonIOAGEO - MoonLRO,23812.544,27275.932,3463.388,
Contact MoonIOAGEO - MoonLRO,30715.417,34179.085,3463.667,
Contact MoonIOAGEO - MoonLRO,40819.480,44155.438,3335.958,
Contact MoonIOAGEO - MoonLRO,47816.614,51102.491,3285.877,
Contact MoonIOAGEO - MoonLRO,54767.229,58118.864,3351.635,
Contact MoonIOAGEO - MoonLRO,64732.621,68197.736,3465.115,
Contact MoonIOAGEO - MoonLRO,71637.084,75099.848,3462.765,
Contact MoonIOAGEO - MoonLRO,78627.108,84958.581,6331.474,
Contact MoonIOAGEO - MarsSat1,0.000,25883.465,25883.465,
Contact MoonIOAGEO - MarsSat1,29821.513,69119.002,39297.489,
Contact MoonIOAGEO - MarsSat1,73057.224,83051.999,9994.775,
Contact MoonIOAGEO - MarsSat2,0.000,25883.727,25883.727,
Contact MoonIOAGEO - MarsSat2,29821.840,69119.446,39297.606,
Contact MoonIOAGEO - MarsSat2,73057.602,86400.000,13342.398,
Contact MoonIOAGEO - MarsSat3,0.000,25883.156,25883.156,
Contact MoonIOAGEO - MarsSat3,29821.258,69119.466,39298.208,
Contact MoonIOAGEO - MarsSat3,73057.611,86400.000,13342.389,
Contact MoonIOAGEO - MarsSat4,0.000,25883.115,25883.115,
Contact MoonIOAGEO - MarsSat4,29821.341,69119.353,39298.013,
Contact MoonIOAGEO - MarsSat4,73057.435,86400.000,13342.565,
Contact MoonIOAGNO - MoonIOAGNO 0001,0.000,5597.933,5597.933,
Contact MoonIOAGNO - MoonIOAGNO 0001,8327.226,27197.068,18869.842,
Contact MoonIOAGNO - MoonIOAGNO 0001,29926.361,48796.203,18869.842,
Contact MoonIOAGNO - MoonIOAGNO 0001,51525.496,70395.339,18869.843,
Contact MoonIOAGNO - MoonIOAGNO 0001,73124.631,86400.000,13275.369,
Contact MoonIOAGNO - MoonIOAGSO,0.000,5120.003,5120.003,
Contact MoonIOAGNO - MoonIOAGSO,7971.744,48318.171,40346.427,
Contact MoonIOAGNO - MoonIOAGSO,51169.938,86400.000,35230.062,
Contact MoonIOAGNO - MoonIOAGSO 0001,0.000,32045.050,32045.050,
Contact MoonIOAGNO - MoonIOAGSO 0001,39047.751,75243.000,36195.249,
Contact MoonIOAGNO - MoonIOAGSO 0001,82244.869,86400.000,4155.131,
Contact MoonIOAGNO - MoonLRO,0.000,3325.928,3325.928,
Contact MoonIOAGNO - MoonLRO,10858.153,14508.098,3649.945,
Contact MoonIOAGNO - MoonLRO,18040.631,36003.906,17963.274,
Contact MoonIOAGNO - MoonLRO,39679.152,43688.122,4008.970,
Contact MoonIOAGNO - MoonLRO,49772.667,55178.335,5405.667,
Contact MoonIOAGNO - MoonLRO,58906.795,62571.858,3665.063,
Contact MoonIOAGNO - MoonLRO,65971.951,69684.296,3712.345,
Contact MoonIOAGNO - MoonLRO,73055.245,76818.265,3763.021,
Contact MoonIOAGNO - MoonLRO,80336.527,84231.289,3894.762,
Contact MoonIOAGNO - MarsSat1,0.000,83051.972,83051.972,
Contact MoonIOAGNO - MarsSat2,0.000,86400.000,86400.000,
Contact MoonIOAGNO - MarsSat3,0.000,86400.000,86400.000,
Contact MoonIOAGNO - MarsSat4,0.000,86400.000,86400.000,
Contact MoonIOAGNO 0001 - MoonIOAGSO,0.000,10446.075,10446.075,
Contact MoonIOAGNO 0001 - MoonIOAGSO,17449.192,53644.025,36194.833,
Contact MoonIOAGNO 0001 - MoonIOAGSO,60646.310,86400.000,25753.690,
Contact MoonIOAGNO 0001 - MoonIOAGSO 0001,0.000,26719.087,26719.087,
Contact MoonIOAGNO 0001 - MoonIOAGSO 0001,29570.841,69917.255,40346.414,
Contact MoonIOAGNO 0001 - MoonIOAGSO 0001,72769.035,86400.000,13630.965,
Contact MoonIOAGNO 0001 - MoonLRO,0.000,1293.792,1293.792,
Contact MoonIOAGNO 0001 - MoonLRO,4662.226,8397.760,3735.535,
Contact MoonIOAGNO 0001 - MoonLRO,11805.852,15610.707,3804.855,
Contact MoonIOAGNO 0001 - MoonLRO,19419.073,23489.658,4070.585,
Contact MoonIOAGNO 0001 - MoonLRO,31175.201,34868.454,3693.254,
Contact MoonIOAGNO 0001 - MoonLRO,38475.244,42148.704,3673.460,
Contact MoonIOAGNO 0001 - MoonLRO,45534.258,49254.183,3719.926,
Contact MoonIOAGNO 0001 - MoonLRO,52632.706,56407.270,3774.564,
Contact MoonIOAGNO 0001 - MoonLRO,59990.632,63936.294,3945.663,
Contact MoonIOAGNO 0001 - MoonLRO,69145.554,75352.812,6207.257,
Contact MoonIOAGNO 0001 - MoonLRO,79333.660,82990.428,3656.768,
Contact MoonIOAGNO 0001 - MarsSat1,0.000,83051.761,83051.761,
Contact MoonIOAGNO 0001 - MarsSat2,0.000,86400.000,86400.000,
Contact MoonIOAGNO 0001 - MarsSat3,0.000,86400.000,86400.000,
Contact MoonIOAGNO 0001 - MarsSat4,0.000,86400.000,86400.000,
Contact MoonIOAGSO - MoonIOAGSO 0001,0.000,5597.933,5597.933,
Contact MoonIOAGSO - MoonIOAGSO 0001,8327.226,27197.068,18869.842,
Contact MoonIOAGSO - MoonIOAGSO 0001,29926.361,48796.203,18869.842,
Contact MoonIOAGSO - MoonIOAGSO 0001,51525.496,70395.339,18869.843,
Contact MoonIOAGSO - MoonIOAGSO 0001,73124.631,86400.000,13275.369,
Contact MoonIOAGSO - MoonLRO,5220.818,11123.066,5902.248,
Contact MoonIOAGSO - MoonLRO,15538.048,19241.649,3703.601,
Contact MoonIOAGSO - MoonLRO,22659.280,26374.083,3714.803,
Contact MoonIOAGSO - MoonLRO,29696.380,33424.004,3727.625,
Contact MoonIOAGSO - MoonLRO,36775.659,40519.403,3743.743,
Contact MoonIOAGSO - MoonLRO,44242.142,48692.621,4450.479,
Contact MoonIOAGSO - MoonLRO,56298.628,60023.422,3724.794,
Contact MoonIOAGSO - MoonLRO,63531.756,67241.615,3709.859,
Contact MoonIOAGSO - MoonLRO,70577.769,74302.049,3724.280,
Contact MoonIOAGSO - MoonLRO,77629.800,81365.990,3736.190,
Contact MoonIOAGSO - MoonLRO,84860.202,86400.000,1539.798,
Contact MoonIOAGSO - MarsSat1,0.000,83051.900,83051.900,
Contact MoonIOAGSO - MarsSat2,0.000,86400.000,86400.000,
Contact MoonIOAGSO - MarsSat3,0.000,86400.000,86400.000,
Contact MoonIOAGSO - MarsSat4,0.000,86400.000,86400.000,
Contact MoonIOAGSO 0001 - MoonLRO,2220.185,5937.290,3717.105,
Contact MoonIOAGSO 0001 - MoonLRO,9256.970,12986.211,3729.241,
Contact MoonIOAGSO 0001 - MoonLRO,16357.492,20108.267,3750.775,
Contact MoonIOAGSO 0001 - MoonLRO,24127.057,29544.896,5417.839,
Contact MoonIOAGSO 0001 - MoonLRO,35931.978,53862.774,17930.796,
Contact MoonIOAGSO 0001 - MoonLRO,57200.322,60939.589,3739.267,
Contact MoonIOAGSO 0001 - MoonLRO,64519.032,68480.863,3961.831,
Contact MoonIOAGSO 0001 - MoonLRO,76610.036,80380.163,3770.127,
Contact MoonIOAGSO 0001 - MoonLRO,83963.505,86400.000,2436.495,
Contact MoonIOAGSO 0001 - MarsSat1,0.000,83051.675,83051.675,
Contact MoonIOAGSO 0001 - MarsSat2,0.000,86400.000,86400.000,
Contact MoonIOAGSO 0001 - MarsSat3,0.000,86400.000,86400.000,
Contact MoonIOAGSO 0001 - MarsSat4,0.000,86400.000,86400.000,
Contact MoonLRO - MarsSat1,0.000,10445.616,10445.616,
Contact MoonLRO - MarsSat1,13349.891,17270.969,3921.078,
Contact MoonLRO - MarsSat1,20175.243,24096.328,3921.085,
Contact MoonLRO - MarsSat1,27000.600,30921.692,3921.091,
Contact MoonLRO - MarsSat1,33825.962,37747.059,3921.098,
Contact MoonLRO - MarsSat1,40651.325,44572.428,3921.103,
Contact MoonLRO - MarsSat1,47476.688,51397.796,3921.108,
Contact MoonLRO - MarsSat1,54302.047,71873.871,17571.824,
Contact MoonLRO - MarsSat1,74778.091,78699.220,3921.129,
Contact MoonLRO - MarsSat1,81603.430,83051.754,1448.324,
Contact MoonLRO - MarsSat2,0.000,10445.632,10445.632,
Contact MoonLRO - MarsSat2,13349.914,17271.001,3921.087,
Contact MoonLRO - MarsSat2,20175.280,24096.370,3921.090,
Contact MoonLRO - MarsSat2,27000.646,30921.740,3921.094,
Contact MoonLRO - MarsSat2,33826.010,37747.109,3921.098,
Contact MoonLRO - MarsSat2,40651.374,44572.477,3921.103,
Contact MoonLRO - MarsSat2,47476.736,51397.844,3921.109,
Contact MoonLRO - MarsSat2,54302.096,71873.936,17571.840,
Contact MoonLRO - MarsSat2,74778.160,78699.294,3921.134,
Contact MoonLRO - MarsSat2,81603.506,85524.646,3921.140,
Contact MoonLRO - MarsSat3,0.000,10445.676,10445.676,
Contact MoonLRO - MarsSat3,13349.961,17271.049,3921.088,
Contact MoonLRO - MarsSat3,20175.326,24096.409,3921.083,
Contact MoonLRO - MarsSat3,27000.675,30921.749,3921.074,
Contact MoonLRO - MarsSat3,33826.001,37747.068,3921.067,
Contact MoonLRO - MarsSat3,40651.310,44572.384,3921.074,
Contact MoonLRO - MarsSat3,47476.626,51397.715,3921.090,
Contact MoonLRO - MarsSat3,54301.957,71873.798,17571.841,
Contact MoonLRO - MarsSat3,74778.030,78699.177,3921.147,
Contact MoonLRO - MarsSat3,81603.401,85524.560,3921.159,
Contact MoonLRO - MarsSat4,0.000,10445.653,10445.653,
Contact MoonLRO - MarsSat4,13349.917,17270.978,3921.061,
Contact MoonLRO - MarsSat4,20175.241,24096.318,3921.077,
Contact MoonLRO - MarsSat4,27000.597,30921.714,3921.117,
Contact MoonLRO - MarsSat4,33825.999,37747.094,3921.096,
Contact MoonLRO - MarsSat4,40651.348,44572.428,3921.080,
Contact MoonLRO - MarsSat4,47476.669,51397.755,3921.086,
Contact MoonLRO - MarsSat4,54301.996,71873.879,17571.884,
Contact MoonLRO - MarsSat4,74778.093,78699.210,3921.117,
Contact MoonLRO - MarsSat4,81603.411,85524.541,3921.130,
Contact MarsSat1 - MarsSat2,0.000,86400.000,86400.000,
Contact MarsSat1 - MarsSat3,0.000,34389.353,34389.353,
Contact MarsSat1 - MarsSat3,39661.855,77469.160,37807.305,
Contact MarsSat1 - MarsSat3,82529.759,86400.000,3870.241,
Contact MarsSat1 - MarsSat4,0.000,86400.000,86400.000,
Contact MarsSat2 - MarsSat3,0.000,38772.103,38772.103,
Contact MarsSat2 - MarsSat3,44058.647,86400.000,42341.353,
Contact MarsSat2 - MarsSat4,0.000,11434.833,11434.833,
Contact MarsSat2 - MarsSat4,17445.733,47603.723,30157.990,
Contact MarsSat2 - MarsSat4,51556.736,86400.000,34843.264,
Contact MarsSat3 - MarsSat4,0.000,20237.972,20237.972,
Contact MarsSat3 - MarsSat4,28235.726,68595.665,40359.939,
Contact MarsSat3 - MarsSat4,77631.365,86400.000,8768.635,
Analysis,Time True,Time False,Percent True,Interval Count,
Contact STARLINK-1202 - STARLINK-4780,33531.841,52868.159,38.8100%,7,
Contact STARLINK-1202 - STARLINK-31808,0.000,86400.000,0.0000%,0,
Contact STARLINK-1202 - STARLINK-5246,0.000,86400.000,0.0000%,0,
Contact STARLINK-1202 - STARLINK-31171,0.000,86400.000,0.0000%,0,
Contact STARLINK-1202 - MoonARTEMIS1,83658.162,2741.838,96.8266%,4,
Contact STARLINK-1202 - MoonARTEMIS2,84365.499,2034.501,97.6453%,3,
Contact STARLINK-1202 - MoonIOAGEO,76782.417,9617.583,88.8685%,5,
Contact STARLINK-1202 - MoonIOAGNO,75392.117,11007.883,87.2594%,4,
Contact STARLINK-1202 - MoonIOAGNO 0001,76315.227,10084.773,88.3278%,5,
Contact STARLINK-1202 - MoonIOAGSO,83487.494,2912.506,96.6290%,4,
Contact STARLINK-1202 - MoonIOAGSO 0001,83849.270,2550.730,97.0478%,4,
Contact STARLINK-1202 - MoonLRO,47552.317,38847.683,55.0374%,10,
Contact STARLINK-1202 - MarsSat1,66256.344,20143.656,76.6856%,9,
Contact STARLINK-1202 - MarsSat2,68589.372,17810.628,79.3858%,10,
Contact STARLINK-1202 - MarsSat3,68589.697,17810.303,79.3862%,10,
Contact STARLINK-1202 - MarsSat4,68589.754,17810.246,79.3863%,10,
Contact STARLINK-4780 - STARLINK-31808,0.000,86400.000,0.0000%,0,
Contact STARLINK-4780 - STARLINK-5246,0.000,86400.000,0.0000%,0,
Contact STARLINK-4780 - STARLINK-31171,0.000,86400.000,0.0000%,0,
Contact STARLINK-4780 - MoonARTEMIS1,61245.877,25154.123,70.8864%,10,
Contact STARLINK-4780 - MoonARTEMIS2,61212.089,25187.911,70.8473%,10,
Contact STARLINK-4780 - MoonIOAGEO,54813.201,31586.799,63.4412%,10,
Contact STARLINK-4780 - MoonIOAGNO,48602.686,37797.314,56.2531%,9,
Contact STARLINK-4780 - MoonIOAGNO 0001,51922.121,34477.879,60.0950%,9,
Contact STARLINK-4780 - MoonIOAGSO,61241.688,25158.312,70.8816%,10,
Contact STARLINK-4780 - MoonIOAGSO 0001,61228.723,25171.277,70.8666%,10,
Contact STARLINK-4780 - MoonLRO,29768.281,56631.719,34.4540%,9,
Contact STARLINK-4780 - MarsSat1,65536.705,20863.295,75.8527%,9,
Contact STARLINK-4780 - MarsSat2,67995.352,18404.648,78.6983%,10,
Contact STARLINK-4780 - MarsSat3,67995.106,18404.894,78.6980%,10,
Contact STARLINK-4780 - MarsSat4,67995.149,18404.851,78.6981%,10,
Contact STARLINK-31808 - STARLINK-5246,16186.408,70213.592,18.7343%,7,
Contact STARLINK-31808 - STARLINK-31171,0.000,86400.000,0.0000%,0,
Contact STARLINK-31808 - MoonARTEMIS1,61793.704,24606.296,71.5205%,9,
Contact STARLINK-31808 - MoonARTEMIS2,61740.333,24659.667,71.4587%,9,
Contact STARLINK-31808 - MoonIOAGEO,57282.778,29117.222,66.2995%,8,
Contact STARLINK-31808 - MoonIOAGNO,57036.212,29363.788,66.0141%,8,
Contact STARLINK-31808 - MoonIOAGNO 0001,50952.708,35447.292,58.9730%,8,
Contact STARLINK-31808 - MoonIOAGSO,61774.423,24625.577,71.4982%,9,
Contact STARLINK-31808 - MoonIOAGSO 0001,61778.077,24621.923,71.5024%,9,
Contact STARLINK-31808 - MoonLRO,23160.163,63239.837,26.8057%,8,
Contact STARLINK-31808 - MarsSat1,60354.889,26045.111,69.8552%,9,
Contact STARLINK-31808 - MarsSat2,61953.576,24446.424,71.7055%,9,
Contact STARLINK-31808 - MarsSat3,61953.582,24446.418,71.7055%,9,
Contact STARLINK-31808 - MarsSat4,61953.512,24446.488,71.7055%,9,
Contact STARLINK-5246 - STARLINK-31171,6459.073,79940.927,7.4758%,5,
Contact STARLINK-5246 - MoonARTEMIS1,59928.247,26471.753,69.3614%,9,
Contact STARLINK-5246 - MoonARTEMIS2,59898.136,26501.864,69.3265%,9,
Contact STARLINK-5246 - MoonIOAGEO,55239.230,31160.770,63.9343%,8,
Contact STARLINK-5246 - MoonIOAGNO,53046.686,33353.314,61.3966%,9,
Contact STARLINK-5246 - MoonIOAGNO 0001,48959.622,37440.378,56.6662%,8,
Contact STARLINK-5246 - MoonIOAGSO,59910.482,26489.518,69.3408%,9,
Contact STARLINK-5246 - MoonIOAGSO 0001,59928.458,26471.542,69.3616%,9,
Contact STARLINK-5246 - MoonLRO,22041.368,64358.632,25.5108%,6,
Contact STARLINK-5246 - MarsSat1,58691.933,27708.067,67.9305%,9,
Contact STARLINK-5246 - MarsSat2,60586.434,25813.566,70.1232%,9,
Contact STARLINK-5246 - MarsSat3,60586.349,25813.651,70.1231%,9,
Contact STARLINK-5246 - MarsSat4,60586.386,25813.614,70.1231%,9,
Contact STARLINK-31171 - MoonARTEMIS1,86400.000,0.000,100.0000%,1,
Contact STARLINK-31171 - MoonARTEMIS2,86400.000,0.000,100.0000%,1,
Contact STARLINK-31171 - MoonIOAGEO,79949.144,6450.856,92.5337%,2,
Contact STARLINK-31171 - MoonIOAGNO,78819.088,7580.912,91.2258%,2,
Contact STARLINK-31171 - MoonIOAGNO 0001,78976.376,7423.624,91.4078%,3,
Contact STARLINK-31171 - MoonIOAGSO,86400.000,0.000,100.0000%,1,
Contact STARLINK-31171 - MoonIOAGSO 0001,86400.000,0.000,100.0000%,1,
Contact STARLINK-31171 - MoonLRO,59291.663,27108.337,68.6246%,11,
Contact STARLINK-31171 - MarsSat1,71809.144,14590.856,83.1124%,7,
Contact STARLINK-31171 - MarsSat2,75164.990,11235.010,86.9965%,7,
Contact STARLINK-31171 - MarsSat3,75165.852,11234.148,86.9975%,7,
Contact STARLINK-31171 - MarsSat4,75165.998,11234.002,86.9977%,7,
Contact MoonARTEMIS1 - MoonARTEMIS2,79422.601,6977.399,91.9243%,2,
Contact MoonARTEMIS1 - MoonIOAGEO,74642.238,11757.762,86.3915%,4,
Contact MoonARTEMIS1 - MoonIOAGNO,84078.712,2321.288,97.3133%,2,
Contact MoonARTEMIS1 - MoonIOAGNO 0001,83038.409,3361.591,96.1093%,2,
Contact MoonARTEMIS1 - MoonIOAGSO,86400.000,0.000,100.0000%,1,
Contact MoonARTEMIS1 - MoonIOAGSO 0001,86400.000,0.000,100.0000%,1,
Contact MoonARTEMIS1 - MoonLRO,48864.212,37535.788,56.5558%,10,
Contact MoonARTEMIS1 - MarsSat1,80957.903,5442.097,93.7013%,2,
Contact MoonARTEMIS1 - MarsSat2,84305.574,2094.426,97.5759%,2,
Contact MoonARTEMIS1 - MarsSat3,84305.610,2094.390,97.5759%,2,
Contact MoonARTEMIS1 - MarsSat4,84305.613,2094.387,97.5759%,2,
Contact MoonARTEMIS2 - MoonIOAGEO,82071.647,4328.353,94.9903%,2,
Contact MoonARTEMIS2 - MoonIOAGNO,82281.884,4118.116,95.2337%,2,
Contact MoonARTEMIS2 - MoonIOAGNO 0001,78621.290,7778.710,90.9969%,3,
Contact MoonARTEMIS2 - MoonIOAGSO,86400.000,0.000,100.0000%,1,
Contact MoonARTEMIS2 - MoonIOAGSO 0001,86400.000,0.000,100.0000%,1,
Contact MoonARTEMIS2 - MoonLRO,56984.375,29415.625,65.9541%,11,
Contact MoonARTEMIS2 - MarsSat1,83051.725,3348.275,96.1247%,1,
Contact MoonARTEMIS2 - MarsSat2,86400.000,0.000,100.0000%,1,
Contact MoonARTEMIS2 - MarsSat3,86400.000,0.000,100.0000%,1,
Contact MoonARTEMIS2 - MarsSat4,86400.000,0.000,100.0000%,1,
Contact MoonIOAGEO - MoonIOAGNO,86400.000,0.000,100.0000%,1,
Contact MoonIOAGEO - MoonIOAGNO 0001,67974.604,18425.396,78.6743%,3,
Contact MoonIOAGEO - MoonIOAGSO,86400.000,0.000,100.0000%,1,
Contact MoonIOAGEO - MoonIOAGSO 0001,77428.622,8971.378,89.6165%,3,
Contact MoonIOAGEO - MoonLRO,43017.938,43382.062,49.7893%,11,
Contact MoonIOAGEO - MarsSat1,75175.729,11224.271,87.0089%,3,
Contact MoonIOAGEO - MarsSat2,78523.731,7876.269,90.8839%,3,
Contact MoonIOAGEO - MarsSat3,78523.752,7876.248,90.8840%,3,
Contact MoonIOAGEO - MarsSat4,78523.693,7876.307,90.8839%,3,
Contact MoonIOAGNO - MoonIOAGNO 0001,75482.829,10917.171,87.3644%,5,
Contact MoonIOAGNO - MoonIOAGSO,80696.492,5703.508,93.3987%,3,
Contact MoonIOAGNO - MoonIOAGSO 0001,72395.431,14004.569,83.7910%,3,
Contact MoonIOAGNO - MoonLRO,49388.975,37011.025,57.1632%,9,
Contact MoonIOAGNO - MarsSat1,83051.972,3348.028,96.1250%,1,
Contact MoonIOAGNO - MarsSat2,86400.000,0.000,100.0000%,1,
Contact MoonIOAGNO - MarsSat3,86400.000,0.000,100.0000%,1,
Contact MoonIOAGNO - MarsSat4,86400.000,0.000,100.0000%,1,
Contact MoonIOAGNO 0001 - MoonIOAGSO,72394.599,14005.401,83.7900%,3,
Contact MoonIOAGNO 0001 - MoonIOAGSO 0001,80696.466,5703.534,93.3987%,3,
Contact MoonIOAGNO 0001 - MoonLRO,41575.659,44824.341,48.1200%,11,
Contact MoonIOAGNO 0001 - MarsSat1,83051.761,3348.239,96.1247%,1,
Contact MoonIOAGNO 0001 - MarsSat2,86400.000,0.000,100.0000%,1,
Contact MoonIOAGNO 0001 - MarsSat3,86400.000,0.000,100.0000%,1,
Contact MoonIOAGNO 0001 - MarsSat4,86400.000,0.000,100.0000%,1,
Contact MoonIOAGSO - MoonIOAGSO 0001,75482.829,10917.171,87.3644%,5,
Contact MoonIOAGSO - MoonLRO,41677.420,44722.580,48.2378%,11,
Contact MoonIOAGSO - MarsSat1,83051.900,3348.100,96.1249%,1,
Contact MoonIOAGSO - MarsSat2,86400.000,0.000,100.0000%,1,
Contact MoonIOAGSO - MarsSat3,86400.000,0.000,100.0000%,1,
Contact MoonIOAGSO - MarsSat4,86400.000,0.000,100.0000%,1,
Contact MoonIOAGSO 0001 - MoonLRO,48453.477,37946.523,56.0804%,9,
Contact MoonIOAGSO 0001 - MarsSat1,83051.675,3348.325,96.1246%,1,
Contact MoonIOAGSO 0001 - MarsSat2,86400.000,0.000,100.0000%,1,
Contact MoonIOAGSO 0001 - MarsSat3,86400.000,0.000,100.0000%,1,
Contact MoonIOAGSO 0001 - MarsSat4,86400.000,0.000,100.0000%,1,
Contact MoonLRO - MarsSat1,56913.456,29486.544,65.8721%,10,
Contact MoonLRO - MarsSat2,59386.326,27013.674,68.7342%,10,
Contact MoonLRO - MarsSat3,59386.298,27013.702,68.7341%,10,
Contact MoonLRO - MarsSat4,59386.301,27013.699,68.7341%,10,
Contact MarsSat1 - MarsSat2,86400.000,0.000,100.0000%,1,
Contact MarsSat1 - MarsSat3,76066.899,10333.101,88.0404%,3,
Contact MarsSat1 - MarsSat4,86400.000,0.000,100.0000%,1,
Contact MarsSat2 - MarsSat3,81113.456,5286.544,93.8813%,2,
Contact MarsSat2 - MarsSat4,76436.086,9963.914,88.4677%,3,
Contact MarsSat3 - MarsSat4,69366.547,17033.453,80.2854%,3,
