sl_10_86400_20260326 Contact Analysis.csv
2026/03/26 07:47:00.0000 UTC

Generated: Tue Oct  8 16:59:38 2024,
Start: 2026/03/26 07:47:00.00, Stop: 2026/03/27 07:47:00.00,
Analysis,Rise,Set,Duration,
ID,SECONDS,SECONDS,SECONDS,
Contact STARLINK-5220 - STARLINK-5178,0.000,343.425,343.425,
Contact STARLINK-5220 - STARLINK-5178,10594.889,14592.056,3997.167,
Contact STARLINK-5220 - STARLINK-5178,24874.282,31676.829,6802.547,
Contact STARLINK-5220 - STARLINK-5178,39176.431,40207.592,1031.161,
Contact STARLINK-5220 - STARLINK-5178,53458.542,54452.456,993.915,
Contact STARLINK-5220 - STARLINK-5178,67766.024,68672.511,906.487,
Contact STARLINK-5220 - STARLINK-5178,82051.671,82913.774,862.103,
Contact STARLINK-5220 - MoonARTEMIS1,0.000,2875.475,2875.475,
Contact STARLINK-5220 - MoonARTEMIS1,5032.158,14326.001,9293.843,
Contact STARLINK-5220 - MoonARTEMIS1,16486.406,20052.429,3566.023,
Contact STARLINK-5220 - MoonARTEMIS1,22214.852,31508.969,9294.117,
Contact STARLINK-5220 - MoonARTEMIS1,33676.000,42977.230,9301.230,
Contact STARLINK-5220 - MoonARTEMIS1,45152.243,48711.758,3559.515,
Contact STARLINK-5220 - MoonARTEMIS1,52880.052,60152.994,7272.942,
Contact STARLINK-5220 - MoonARTEMIS1,62318.816,71595.402,9276.586,
Contact STARLINK-5220 - MoonARTEMIS1,73761.960,77317.414,3555.454,
Contact STARLINK-5220 - MoonARTEMIS1,79484.380,86400.000,6915.620,
Contact STARLINK-5220 - MoonARTEMIS2,0.000,2918.374,2918.374,
Contact STARLINK-5220 - MoonARTEMIS2,5083.280,8641.436,3558.156,
Contact STARLINK-5220 - MoonARTEMIS2,16529.287,20085.593,3556.307,
Contact STARLINK-5220 - MoonARTEMIS2,22250.966,31526.958,9275.993,
Contact STARLINK-5220 - MoonARTEMIS2,33692.128,42993.218,9301.090,
Contact STARLINK-5220 - MoonARTEMIS2,45164.114,48725.425,3561.311,
Contact STARLINK-5220 - MoonARTEMIS2,50896.118,60184.549,9288.432,
Contact STARLINK-5220 - MoonARTEMIS2,62354.918,71639.845,9284.927,
Contact STARLINK-5220 - MoonARTEMIS2,73809.468,77366.499,3557.031,
Contact STARLINK-5220 - MoonARTEMIS2,79535.579,86400.000,6864.421,
Contact STARLINK-5220 - MoonIOAGEO,0.000,2886.651,2886.651,
Contact STARLINK-5220 - MoonIOAGEO,5047.546,13339.163,8291.617,
Contact STARLINK-5220 - MoonIOAGEO,17388.820,20085.611,2696.791,
Contact STARLINK-5220 - MoonIOAGEO,22253.068,31537.590,9284.522,
Contact STARLINK-5220 - MoonIOAGEO,33702.036,42972.244,9270.208,
Contact STARLINK-5220 - MoonIOAGEO,45138.218,48695.825,3557.607,
Contact STARLINK-5220 - MoonIOAGEO,50864.764,54426.638,3561.874,
Contact STARLINK-5220 - MoonIOAGEO,62333.575,71622.171,9288.596,
Contact STARLINK-5220 - MoonIOAGEO,73790.484,77342.254,3551.770,
Contact STARLINK-5220 - MoonIOAGEO,79508.768,86400.000,6891.232,
Contact STARLINK-5220 - MoonIOAGNO,0.000,2885.858,2885.858,
Contact STARLINK-5220 - MoonIOAGNO,5051.732,14351.198,9299.465,
Contact STARLINK-5220 - MoonIOAGNO,16512.068,20065.995,3553.928,
Contact STARLINK-5220 - MoonIOAGNO,22229.395,31506.787,9277.392,
Contact STARLINK-5220 - MoonIOAGNO,33673.898,42963.243,9289.346,
Contact STARLINK-5220 - MoonIOAGNO,45134.133,48700.116,3565.983,
Contact STARLINK-5220 - MoonIOAGNO,50874.633,60154.698,9280.065,
Contact STARLINK-5220 - MoonIOAGNO,62320.662,71590.649,9269.987,
Contact STARLINK-5220 - MoonIOAGNO,73759.282,77313.919,3554.637,
Contact STARLINK-5220 - MoonIOAGNO,79483.732,86400.000,6916.268,
Contact STARLINK-5220 - MoonIOAGNO 0001,0.000,2880.549,2880.549,
Contact STARLINK-5220 - MoonIOAGNO 0001,5042.151,14327.936,9285.785,
Contact STARLINK-5220 - MoonIOAGNO 0001,16493.347,20057.715,3564.369,
Contact STARLINK-5220 - MoonIOAGNO 0001,22225.217,31535.314,9310.097,
Contact STARLINK-5220 - MoonIOAGNO 0001,33701.596,42968.670,9267.074,
Contact STARLINK-5220 - MoonIOAGNO 0001,45134.871,48687.796,3552.925,
Contact STARLINK-5220 - MoonIOAGNO 0001,50855.598,60137.074,9281.476,
Contact STARLINK-5220 - MoonIOAGNO 0001,62307.828,71606.978,9299.150,
Contact STARLINK-5220 - MoonIOAGNO 0001,73783.309,77341.370,3558.061,
Contact STARLINK-5220 - MoonIOAGNO 0001,79507.018,86400.000,6892.982,
Contact STARLINK-5220 - MoonIOAGSO,0.000,2895.410,2895.410,
Contact STARLINK-5220 - MoonIOAGSO,5054.093,8618.022,3563.928,
Contact STARLINK-5220 - MoonIOAGSO,16529.878,20096.059,3566.181,
Contact STARLINK-5220 - MoonIOAGSO,22261.126,31546.121,9284.994,
Contact STARLINK-5220 - MoonIOAGSO,33710.167,42984.411,9274.244,
Contact STARLINK-5220 - MoonIOAGSO,45149.000,48701.875,3552.876,
Contact STARLINK-5220 - MoonIOAGSO,56609.944,60174.449,3564.505,
Contact STARLINK-5220 - MoonIOAGSO,62345.778,71630.187,9284.410,
Contact STARLINK-5220 - MoonIOAGSO,73798.550,77352.117,3553.567,
Contact STARLINK-5220 - MoonIOAGSO,79519.650,86400.000,6880.350,
Contact STARLINK-5220 - MoonIOAGSO 0001,0.000,2918.198,2918.198,
Contact STARLINK-5220 - MoonIOAGSO 0001,5078.130,8641.984,3563.854,
Contact STARLINK-5220 - MoonIOAGSO 0001,16523.183,20081.435,3558.253,
Contact STARLINK-5220 - MoonIOAGSO 0001,22242.682,31525.656,9282.974,
Contact STARLINK-5220 - MoonIOAGSO 0001,33700.393,43000.838,9300.445,
Contact STARLINK-5220 - MoonIOAGSO 0001,45168.833,48726.927,3558.094,
Contact STARLINK-5220 - MoonIOAGSO 0001,50894.028,60169.069,9275.041,
Contact STARLINK-5220 - MoonIOAGSO 0001,62335.398,71604.322,9268.924,
Contact STARLINK-5220 - MoonIOAGSO 0001,79516.697,86400.000,6883.303,
Contact STARLINK-5220 - MoonLRO,0.000,2894.405,2894.405,
Contact STARLINK-5220 - MoonLRO,6145.229,8622.424,2477.196,
Contact STARLINK-5220 - MoonLRO,27970.825,31193.386,3222.562,
Contact STARLINK-5220 - MoonLRO,33700.249,37251.581,3551.332,
Contact STARLINK-5220 - MoonLRO,56599.329,58503.546,1904.216,
Contact STARLINK-5220 - MoonLRO,62329.296,71607.258,9277.963,
Contact STARLINK-5220 - MoonLRO,74718.913,77333.262,2614.349,
Contact STARLINK-5220 - MoonLRO,81529.603,83062.582,1532.980,
Contact STARLINK-5220 - MarsSat1,0.000,6714.994,6714.994,
Contact STARLINK-5220 - MarsSat1,8766.594,12430.784,3664.190,
Contact STARLINK-5220 - MarsSat1,14480.580,23862.465,9381.885,
Contact STARLINK-5220 - MarsSat1,25908.580,35294.273,9385.694,
Contact STARLINK-5220 - MarsSat1,37336.608,46726.183,9389.576,
Contact STARLINK-5220 - MarsSat1,48764.644,52442.169,3677.525,
Contact STARLINK-5220 - MarsSat1,54478.658,63874.192,9395.535,
Contact STARLINK-5220 - MarsSat1,65906.671,75306.295,9399.624,
Contact STARLINK-5220 - MarsSat1,77334.669,81022.384,3687.715,
Contact STARLINK-5220 - MarsSat1,83048.667,86400.000,3351.333,
Contact STARLINK-5220 - MarsSat2,0.000,6714.923,6714.923,
Contact STARLINK-5220 - MarsSat2,8766.520,12430.719,3664.198,
Contact STARLINK-5220 - MarsSat2,14480.511,23862.393,9381.882,
Contact STARLINK-5220 - MarsSat2,25908.502,35294.180,9385.678,
Contact STARLINK-5220 - MarsSat2,37336.510,46726.084,9389.574,
Contact STARLINK-5220 - MarsSat2,48764.543,52442.082,3677.540,
Contact STARLINK-5220 - MarsSat2,54478.570,63874.166,9395.596,
Contact STARLINK-5220 - MarsSat2,65906.647,75306.333,9399.686,
Contact STARLINK-5220 - MarsSat2,77334.713,81022.441,3687.728,
Contact STARLINK-5220 - MarsSat2,83048.733,86400.000,3351.267,
Contact STARLINK-5220 - MarsSat3,0.000,6715.070,6715.070,
Contact STARLINK-5220 - MarsSat3,8766.673,12430.842,3664.169,
Contact STARLINK-5220 - MarsSat3,14480.648,23862.463,9381.815,
Contact STARLINK-5220 - MarsSat3,25908.595,35294.200,9385.605,
Contact STARLINK-5220 - MarsSat3,37336.555,46726.062,9389.508,
Contact STARLINK-5220 - MarsSat3,48764.538,52442.043,3677.505,
Contact STARLINK-5220 - MarsSat3,54478.542,63874.108,9395.566,
Contact STARLINK-5220 - MarsSat3,65906.582,75306.304,9399.722,
Contact STARLINK-5220 - MarsSat3,77334.665,81022.437,3687.772,
Contact STARLINK-5220 - MarsSat3,83048.709,86400.000,3351.291,
Contact STARLINK-5220 - MarsSat4,0.000,6715.023,6715.023,
Contact STARLINK-5220 - MarsSat4,8766.620,12430.810,3664.190,
Contact STARLINK-5220 - MarsSat4,14480.601,23862.520,9381.919,
Contact STARLINK-5220 - MarsSat4,25908.634,35294.255,9385.621,
Contact STARLINK-5220 - MarsSat4,37336.602,46726.108,9389.505,
Contact STARLINK-5220 - MarsSat4,48764.582,52442.107,3677.525,
Contact STARLINK-5220 - MarsSat4,54478.610,63874.143,9395.533,
Contact STARLINK-5220 - MarsSat4,65906.636,75306.250,9399.614,
Contact STARLINK-5220 - MarsSat4,77334.627,81022.372,3687.745,
Contact STARLINK-5220 - MarsSat4,83048.650,86400.000,3351.350,
Contact STARLINK-3347 - STARLINK-4314,7198.691,10820.180,3621.489,
Contact STARLINK-3347 - STARLINK-4314,21486.651,22248.913,762.262,
Contact STARLINK-3347 - STARLINK-4314,35769.939,36536.855,766.916,
Contact STARLINK-3347 - STARLINK-4314,50064.370,50812.743,748.373,
Contact STARLINK-3347 - STARLINK-4314,64353.122,65095.051,741.929,
Contact STARLINK-3347 - STARLINK-4314,78654.805,79363.813,709.008,
Contact STARLINK-3347 - STARLINK-4776,32361.497,32618.863,257.365,
Contact STARLINK-3347 - STARLINK-4776,86217.842,86400.000,182.158,
Contact STARLINK-3347 - STARLINK-30405,17781.644,18240.609,458.965,
Contact STARLINK-3347 - STARLINK-30405,31807.950,32447.116,639.165,
Contact STARLINK-3347 - STARLINK-30405,43051.963,43789.298,737.335,
Contact STARLINK-3347 - STARLINK-30405,57125.544,57948.341,822.797,
Contact STARLINK-3347 - STARLINK-30405,68389.331,72104.437,3715.106,
Contact STARLINK-3347 - STARLINK-30405,82474.590,83417.630,943.039,
Contact STARLINK-3347 - STARLINK-5069,10744.171,11034.166,289.996,
Contact STARLINK-3347 - STARLINK-5069,24745.198,25629.973,884.775,
Contact STARLINK-3347 - STARLINK-5069,38913.193,40052.952,1139.759,
Contact STARLINK-3347 - STARLINK-5069,47434.607,54428.236,6993.629,
Contact STARLINK-3347 - STARLINK-5069,61699.988,68728.601,7028.613,
Contact STARLINK-3347 - STARLINK-5069,78885.546,82989.798,4104.251,
Contact STARLINK-3347 - STARLINK-3368,68320.313,68684.816,364.503,
Contact STARLINK-3347 - STARLINK-3368,82486.749,83008.907,522.158,
Contact STARLINK-3347 - STARLINK-1596,53953.291,54617.631,664.340,
Contact STARLINK-3347 - STARLINK-1596,68166.019,68950.175,784.155,
Contact STARLINK-3347 - STARLINK-1596,82391.272,83269.927,878.655,
Contact STARLINK-3347 - MoonARTEMIS1,0.000,6537.998,6537.998,
Contact STARLINK-3347 - MoonARTEMIS1,8699.864,17912.687,9212.824,
Contact STARLINK-3347 - MoonARTEMIS1,20071.767,23602.162,3530.396,
Contact STARLINK-3347 - MoonARTEMIS1,25759.631,34987.759,9228.128,
Contact STARLINK-3347 - MoonARTEMIS1,37141.621,46390.430,9248.809,
Contact STARLINK-3347 - MoonARTEMIS1,54205.788,63433.352,9227.565,
Contact STARLINK-3347 - MoonARTEMIS1,65563.963,74800.398,9236.434,
Contact STARLINK-3347 - MoonARTEMIS1,76926.625,86171.910,9245.285,
Contact STARLINK-3347 - MoonARTEMIS2,0.000,6604.992,6604.992,
Contact STARLINK-3347 - MoonARTEMIS2,8762.362,12287.413,3525.051,
Contact STARLINK-3347 - MoonARTEMIS2,20121.328,23648.365,3527.037,
Contact STARLINK-3347 - MoonARTEMIS2,25798.360,35003.193,9204.833,
Contact STARLINK-3347 - MoonARTEMIS2,38616.660,46405.540,7788.881,
Contact STARLINK-3347 - MoonARTEMIS2,48547.122,52103.034,3555.912,
Contact STARLINK-3347 - MoonARTEMIS2,54239.874,63493.374,9253.500,
Contact STARLINK-3347 - MoonARTEMIS2,65621.604,74879.736,9258.132,
Contact STARLINK-3347 - MoonARTEMIS2,76999.813,86263.037,9263.224,
Contact STARLINK-3347 - MoonIOAGEO,0.000,6559.187,6559.187,
Contact STARLINK-3347 - MoonIOAGEO,8721.493,12252.244,3530.750,
Contact STARLINK-3347 - MoonIOAGEO,20106.306,23644.338,3538.032,
Contact STARLINK-3347 - MoonIOAGEO,25796.381,35013.383,9217.002,
Contact STARLINK-3347 - MoonIOAGEO,37157.818,46372.403,9214.585,
Contact STARLINK-3347 - MoonIOAGEO,48515.872,52061.931,3546.059,
Contact STARLINK-3347 - MoonIOAGEO,65591.831,74842.582,9250.751,
Contact STARLINK-3347 - MoonIOAGEO,76963.788,86201.424,9237.636,
Contact STARLINK-3347 - MoonIOAGNO,0.000,6564.375,6564.375,
Contact STARLINK-3347 - MoonIOAGNO,8726.419,12263.460,3537.041,
Contact STARLINK-3347 - MoonIOAGNO,20112.182,23639.583,3527.400,
Contact STARLINK-3347 - MoonIOAGNO,25795.693,35006.555,9210.862,
Contact STARLINK-3347 - MoonIOAGNO,37157.681,46376.203,9218.522,
Contact STARLINK-3347 - MoonIOAGNO,48519.795,52070.558,3550.763,
Contact STARLINK-3347 - MoonIOAGNO,54214.609,63459.984,9245.375,
Contact STARLINK-3347 - MoonIOAGNO,65596.115,74829.468,9233.353,
Contact STARLINK-3347 - MoonIOAGNO,76960.375,86200.230,9239.856,
Contact STARLINK-3347 - MoonIOAGNO 0001,0.000,6575.190,6575.190,
Contact STARLINK-3347 - MoonIOAGNO 0001,8737.625,12258.010,3520.385,
Contact STARLINK-3347 - MoonIOAGNO 0001,20098.371,23625.212,3526.841,
Contact STARLINK-3347 - MoonIOAGNO 0001,25779.421,35016.127,9236.706,
Contact STARLINK-3347 - MoonIOAGNO 0001,37166.523,46390.680,9224.157,
Contact STARLINK-3347 - MoonIOAGNO 0001,48536.620,52074.630,3538.010,
Contact STARLINK-3347 - MoonIOAGNO 0001,54217.983,63443.325,9225.342,
Contact STARLINK-3347 - MoonIOAGNO 0001,65578.995,74831.544,9252.549,
Contact STARLINK-3347 - MoonIOAGNO 0001,76961.627,86217.937,9256.310,
Contact STARLINK-3347 - MoonIOAGSO,0.000,6566.017,6566.017,
Contact STARLINK-3347 - MoonIOAGSO,20097.657,23631.450,3533.793,
Contact STARLINK-3347 - MoonIOAGSO,25778.657,35001.336,9222.679,
Contact STARLINK-3347 - MoonIOAGSO,37145.587,46377.551,9231.964,
Contact STARLINK-3347 - MoonIOAGSO,48522.171,52072.661,3550.490,
Contact STARLINK-3347 - MoonIOAGSO,55198.314,63454.810,8256.496,
Contact STARLINK-3347 - MoonIOAGSO,65579.499,74828.310,9248.812,
Contact STARLINK-3347 - MoonIOAGSO,76946.694,86204.407,9257.713,
Contact STARLINK-3347 - MoonIOAGSO 0001,0.000,6565.320,6565.320,
Contact STARLINK-3347 - MoonIOAGSO 0001,8721.014,12249.731,3528.717,
Contact STARLINK-3347 - MoonIOAGSO 0001,20090.397,23624.139,3533.742,
Contact STARLINK-3347 - MoonIOAGSO 0001,25779.362,29317.520,3538.158,
Contact STARLINK-3347 - MoonIOAGSO 0001,37157.025,46384.471,9227.446,
Contact STARLINK-3347 - MoonIOAGSO 0001,48519.537,52070.121,3550.584,
Contact STARLINK-3347 - MoonIOAGSO 0001,54202.960,63444.412,9241.452,
Contact STARLINK-3347 - MoonIOAGSO 0001,65575.724,74831.572,9255.848,
Contact STARLINK-3347 - MoonIOAGSO 0001,76960.041,86214.534,9254.493,
Contact STARLINK-3347 - MoonLRO,0.000,3902.844,3902.844,
Contact STARLINK-3347 - MoonLRO,20099.704,23633.566,3533.862,
Contact STARLINK-3347 - MoonLRO,26717.478,29317.559,2600.082,
Contact STARLINK-3347 - MoonLRO,42838.787,44876.692,2037.906,
Contact STARLINK-3347 - MoonLRO,48523.132,51712.300,3189.168,
Contact STARLINK-3347 - MoonLRO,54211.475,63448.669,9237.194,
Contact STARLINK-3347 - MoonLRO,67854.501,72135.218,4280.717,
Contact STARLINK-3347 - MoonLRO,82638.229,85823.733,3185.504,
Contact STARLINK-3347 - MarsSat1,1113.268,10635.668,9522.400,
Contact STARLINK-3347 - MarsSat1,12474.141,16314.146,3840.006,
Contact STARLINK-3347 - MarsSat1,18154.562,27670.991,9516.429,
Contact STARLINK-3347 - MarsSat1,29515.358,39027.663,9512.305,
Contact STARLINK-3347 - MarsSat1,40876.057,50384.129,9508.072,
Contact STARLINK-3347 - MarsSat1,52236.622,56062.276,3825.654,
Contact STARLINK-3347 - MarsSat1,57916.848,67418.393,9501.546,
Contact STARLINK-3347 - MarsSat1,69277.185,78774.289,9497.104,
Contact STARLINK-3347 - MarsSat1,80637.391,86400.000,5762.609,
Contact STARLINK-3347 - MarsSat2,1113.206,10635.575,9522.370,
Contact STARLINK-3347 - MarsSat2,12474.101,16314.057,3839.956,
Contact STARLINK-3347 - MarsSat2,18154.519,27670.883,9516.364,
Contact STARLINK-3347 - MarsSat2,29515.292,39027.530,9512.238,
Contact STARLINK-3347 - MarsSat2,40875.976,50384.004,9508.028,
Contact STARLINK-3347 - MarsSat2,52236.562,56062.177,3825.615,
Contact STARLINK-3347 - MarsSat2,57916.814,67418.384,9501.570,
Contact STARLINK-3347 - MarsSat2,69277.209,78774.355,9497.147,
Contact STARLINK-3347 - MarsSat2,80637.438,86400.000,5762.562,
Contact STARLINK-3347 - MarsSat3,1113.349,10635.760,9522.411,
Contact STARLINK-3347 - MarsSat3,12474.155,16314.207,3840.052,
Contact STARLINK-3347 - MarsSat3,18154.537,27670.964,9516.427,
Contact STARLINK-3347 - MarsSat3,29515.257,39027.548,9512.291,
Contact STARLINK-3347 - MarsSat3,40875.912,50383.968,9508.056,
Contact STARLINK-3347 - MarsSat3,52236.493,56062.119,3825.626,
Contact STARLINK-3347 - MarsSat3,57916.751,67418.306,9501.555,
Contact STARLINK-3347 - MarsSat3,69277.190,78774.324,9497.134,
Contact STARLINK-3347 - MarsSat3,80637.479,86400.000,5762.521,
Contact STARLINK-3347 - MarsSat4,1113.299,10635.703,9522.404,
Contact STARLINK-3347 - MarsSat4,12474.174,16314.187,3840.014,
Contact STARLINK-3347 - MarsSat4,18154.617,27671.051,9516.434,
Contact STARLINK-3347 - MarsSat4,29515.347,39027.611,9512.263,
Contact STARLINK-3347 - MarsSat4,40875.953,50384.038,9508.085,
Contact STARLINK-3347 - MarsSat4,52236.559,56062.220,3825.661,
Contact STARLINK-3347 - MarsSat4,57916.799,67418.328,9501.529,
Contact STARLINK-3347 - MarsSat4,69277.111,78774.248,9497.137,
Contact STARLINK-3347 - MarsSat4,80637.405,86400.000,5762.595,
Contact STARLINK-4314 - STARLINK-4776,0.000,338.867,338.867,
Contact STARLINK-4314 - STARLINK-5178,43065.235,43770.228,704.993,
Contact STARLINK-4314 - STARLINK-5178,57155.545,64168.099,7012.554,
Contact STARLINK-4314 - STARLINK-5178,71318.429,78633.529,7315.100,
Contact STARLINK-4314 - STARLINK-5178,79842.377,86400.000,6557.623,
Contact STARLINK-4314 - STARLINK-5069,7122.593,7420.866,298.273,
Contact STARLINK-4314 - STARLINK-5069,21540.966,21807.631,266.665,
Contact STARLINK-4314 - STARLINK-5069,35933.559,36218.861,285.302,
Contact STARLINK-4314 - STARLINK-5069,50350.726,50606.788,256.063,
Contact STARLINK-4314 - STARLINK-5069,64742.257,65019.058,276.801,
Contact STARLINK-4314 - STARLINK-5069,79157.907,79408.456,250.549,
Contact STARLINK-4314 - MoonARTEMIS1,0.000,6586.754,6586.754,
Contact STARLINK-4314 - MoonARTEMIS1,8733.035,12340.213,3607.178,
Contact STARLINK-4314 - MoonARTEMIS1,14484.616,23846.514,9361.898,
Contact STARLINK-4314 - MoonARTEMIS1,25985.937,35351.876,9365.939,
Contact STARLINK-4314 - MoonARTEMIS1,37483.312,41104.198,3620.886,
Contact STARLINK-4314 - MoonARTEMIS1,43228.913,46859.823,3630.909,
Contact STARLINK-4314 - MoonARTEMIS1,54737.127,64133.170,9396.043,
Contact STARLINK-4314 - MoonARTEMIS1,66246.694,69889.491,3642.797,
Contact STARLINK-4314 - MoonARTEMIS1,72000.393,81401.328,9400.935,
Contact STARLINK-4314 - MoonARTEMIS1,83506.070,86400.000,2893.930,
Contact STARLINK-4314 - MoonARTEMIS2,0.000,6559.779,6559.779,
Contact STARLINK-4314 - MoonARTEMIS2,8698.170,12315.832,3617.662,
Contact STARLINK-4314 - MoonARTEMIS2,14452.696,23830.295,9377.599,
Contact STARLINK-4314 - MoonARTEMIS2,25964.864,35351.141,9386.277,
Contact STARLINK-4314 - MoonARTEMIS2,38610.048,41104.608,2494.559,
Contact STARLINK-4314 - MoonARTEMIS2,43223.324,52609.392,9386.067,
Contact STARLINK-4314 - MoonARTEMIS2,54715.463,64116.474,9401.011,
Contact STARLINK-4314 - MoonARTEMIS2,66210.318,81380.457,15170.139,
Contact STARLINK-4314 - MoonARTEMIS2,83456.093,86400.000,2943.907,
Contact STARLINK-4314 - MoonIOAGEO,0.000,6577.926,6577.926,
Contact STARLINK-4314 - MoonIOAGEO,8721.910,12332.635,3610.725,
Contact STARLINK-4314 - MoonIOAGEO,17274.196,23839.459,6565.263,
Contact STARLINK-4314 - MoonIOAGEO,25969.756,35347.557,9377.802,
Contact STARLINK-4314 - MoonIOAGEO,37476.298,41103.440,3627.142,
Contact STARLINK-4314 - MoonIOAGEO,43231.578,52616.329,9384.751,
Contact STARLINK-4314 - MoonIOAGEO,66230.212,81391.170,15160.958,
Contact STARLINK-4314 - MoonIOAGEO,83487.448,86400.000,2912.552,
Contact STARLINK-4314 - MoonIOAGNO,0.000,6579.101,6579.101,
Contact STARLINK-4314 - MoonIOAGNO,8723.502,12329.010,3605.508,
Contact STARLINK-4314 - MoonIOAGNO,14462.506,23819.814,9357.309,
Contact STARLINK-4314 - MoonIOAGNO,25956.039,35331.166,9375.127,
Contact STARLINK-4314 - MoonIOAGNO,37465.335,41092.146,3626.811,
Contact STARLINK-4314 - MoonIOAGNO,43223.754,52620.602,9396.849,
Contact STARLINK-4314 - MoonIOAGNO,54731.070,64107.044,9375.974,
Contact STARLINK-4314 - MoonIOAGNO,66216.259,81375.342,15159.082,
Contact STARLINK-4314 - MoonIOAGNO,83478.546,86400.000,2921.454,
Contact STARLINK-4314 - MoonIOAGNO 0001,0.000,6555.634,6555.634,
Contact STARLINK-4314 - MoonIOAGNO 0001,8701.005,12312.000,3610.995,
Contact STARLINK-4314 - MoonIOAGNO 0001,14456.603,23834.687,9378.084,
Contact STARLINK-4314 - MoonIOAGNO 0001,25974.811,35343.990,9369.178,
Contact STARLINK-4314 - MoonIOAGNO 0001,37466.611,41087.907,3621.296,
Contact STARLINK-4314 - MoonIOAGNO 0001,43212.009,52593.453,9381.444,
Contact STARLINK-4314 - MoonIOAGNO 0001,54716.244,64114.613,9398.369,
Contact STARLINK-4314 - MoonIOAGNO 0001,66231.346,81380.581,15149.235,
Contact STARLINK-4314 - MoonIOAGNO 0001,83471.312,86400.000,2928.688,
Contact STARLINK-4314 - MoonIOAGSO,0.000,6574.413,6574.413,
Contact STARLINK-4314 - MoonIOAGSO,14473.725,23857.719,9383.994,
Contact STARLINK-4314 - MoonIOAGSO,25990.129,35366.960,9376.831,
Contact STARLINK-4314 - MoonIOAGSO,37492.665,41116.590,3623.925,
Contact STARLINK-4314 - MoonIOAGSO,43239.110,52609.631,9370.521,
Contact STARLINK-4314 - MoonIOAGSO,55149.029,64142.618,8993.589,
Contact STARLINK-4314 - MoonIOAGSO,66247.908,69901.874,3653.966,
Contact STARLINK-4314 - MoonIOAGSO,72001.641,81409.003,9407.362,
Contact STARLINK-4314 - MoonIOAGSO,83499.775,86400.000,2900.225,
Contact STARLINK-4314 - MoonIOAGSO 0001,0.000,6594.995,6594.995,
Contact STARLINK-4314 - MoonIOAGSO 0001,8735.694,12348.429,3612.735,
Contact STARLINK-4314 - MoonIOAGSO 0001,14486.431,23845.613,9359.182,
Contact STARLINK-4314 - MoonIOAGSO 0001,25977.865,29590.401,3612.536,
Contact STARLINK-4314 - MoonIOAGSO 0001,37483.123,41119.129,3636.006,
Contact STARLINK-4314 - MoonIOAGSO 0001,43241.857,52634.751,9392.894,
Contact STARLINK-4314 - MoonIOAGSO 0001,54748.534,64136.099,9387.565,
Contact STARLINK-4314 - MoonIOAGSO 0001,66242.461,74995.125,8752.664,
Contact STARLINK-4314 - MoonIOAGSO 0001,77736.141,81404.242,3668.101,
Contact STARLINK-4314 - MoonIOAGSO 0001,83496.087,86400.000,2903.913,
Contact STARLINK-4314 - MoonLRO,0.000,3978.668,3978.668,
Contact STARLINK-4314 - MoonLRO,20225.388,23835.491,3610.103,
Contact STARLINK-4314 - MoonLRO,26738.227,29593.332,2855.105,
Contact STARLINK-4314 - MoonLRO,48983.921,51648.479,2664.558,
Contact STARLINK-4314 - MoonLRO,54735.718,64122.659,9386.941,
Contact STARLINK-4314 - MoonLRO,67856.755,75641.553,7784.798,
Contact STARLINK-4314 - MarsSat1,0.000,86400.000,86400.000,
Contact STARLINK-4314 - MarsSat2,0.000,86400.000,86400.000,
Contact STARLINK-4314 - MarsSat3,0.000,86400.000,86400.000,
Contact STARLINK-4314 - MarsSat4,0.000,86400.000,86400.000,
Contact STARLINK-4776 - STARLINK-30405,0.000,43121.326,43121.326,
Contact STARLINK-4776 - STARLINK-1358,82665.409,82920.919,255.510,
Contact STARLINK-4776 - MoonARTEMIS1,0.000,48615.421,48615.421,
Contact STARLINK-4776 - MoonARTEMIS1,53149.587,86400.000,33250.413,
Contact STARLINK-4776 - MoonARTEMIS2,0.000,86400.000,86400.000,
Contact STARLINK-4776 - MoonIOAGEO,0.000,13296.365,13296.365,
Contact STARLINK-4776 - MoonIOAGEO,17186.224,57361.026,40174.802,
Contact STARLINK-4776 - MoonIOAGEO,61422.971,86400.000,24977.029,
Contact STARLINK-4776 - MoonIOAGNO,0.000,86400.000,86400.000,
Contact STARLINK-4776 - MoonIOAGNO 0001,0.000,86400.000,86400.000,
Contact STARLINK-4776 - MoonIOAGSO,0.000,10127.996,10127.996,
Contact STARLINK-4776 - MoonIOAGSO,11597.026,53427.231,41830.204,
Contact STARLINK-4776 - MoonIOAGSO,55211.428,86400.000,31188.572,
Contact STARLINK-4776 - MoonIOAGSO 0001,0.000,31794.589,31794.589,
Contact STARLINK-4776 - MoonIOAGSO 0001,33415.214,75019.863,41604.649,
Contact STARLINK-4776 - MoonIOAGSO 0001,76963.474,86400.000,9436.526,
Contact STARLINK-4776 - MoonLRO,0.000,10706.040,10706.040,
Contact STARLINK-4776 - MoonLRO,12954.832,17545.459,4590.627,
Contact STARLINK-4776 - MoonLRO,19886.229,24427.142,4540.913,
Contact STARLINK-4776 - MoonLRO,26739.903,31256.028,4516.125,
Contact STARLINK-4776 - MoonLRO,33547.301,38033.676,4486.374,
Contact STARLINK-4776 - MoonLRO,40384.518,44819.102,4434.583,
Contact STARLINK-4776 - MoonLRO,47286.627,51659.998,4373.371,
Contact STARLINK-4776 - MoonLRO,54177.569,78940.686,24763.117,
Contact STARLINK-4776 - MoonLRO,81554.116,85783.142,4229.026,
Contact STARLINK-4776 - MarsSat1,0.000,5759.011,5759.011,
Contact STARLINK-4776 - MarsSat1,7768.930,17103.939,9335.009,
Contact STARLINK-4776 - MarsSat1,19118.989,28448.823,9329.834,
Contact STARLINK-4776 - MarsSat1,30468.881,34121.246,3652.365,
Contact STARLINK-4776 - MarsSat1,36143.759,45466.051,9322.291,
Contact STARLINK-4776 - MarsSat1,47493.374,56810.809,9317.435,
Contact STARLINK-4776 - MarsSat1,58842.798,68155.532,9312.734,
Contact STARLINK-4776 - MarsSat1,70192.048,73827.886,3635.838,
Contact STARLINK-4776 - MarsSat1,75866.614,85172.581,9305.967,
Contact STARLINK-4776 - MarsSat2,0.000,5759.058,5759.058,
Contact STARLINK-4776 - MarsSat2,7768.939,17103.982,9335.043,
Contact STARLINK-4776 - MarsSat2,19118.996,28448.864,9329.867,
Contact STARLINK-4776 - MarsSat2,30468.880,34121.288,3652.408,
Contact STARLINK-4776 - MarsSat2,36143.757,45466.102,9322.345,
Contact STARLINK-4776 - MarsSat2,47493.380,56810.862,9317.482,
Contact STARLINK-4776 - MarsSat2,58842.822,68155.555,9312.733,
Contact STARLINK-4776 - MarsSat2,70192.068,73827.885,3635.817,
Contact STARLINK-4776 - MarsSat2,75866.623,85172.540,9305.917,
Contact STARLINK-4776 - MarsSat3,0.000,5758.968,5758.968,
Contact STARLINK-4776 - MarsSat3,7768.918,17103.867,9334.949,
Contact STARLINK-4776 - MarsSat3,19118.929,28448.757,9329.828,
Contact STARLINK-4776 - MarsSat3,30468.798,34121.194,3652.396,
Contact STARLINK-4776 - MarsSat3,36143.677,45466.044,9322.368,
Contact STARLINK-4776 - MarsSat3,47493.319,56810.854,9317.535,
Contact STARLINK-4776 - MarsSat3,58842.801,68155.607,9312.806,
Contact STARLINK-4776 - MarsSat3,70192.105,73827.954,3635.849,
Contact STARLINK-4776 - MarsSat3,75866.681,85172.591,9305.910,
Contact STARLINK-4776 - MarsSat4,0.000,5758.997,5758.997,
Contact STARLINK-4776 - MarsSat4,7768.933,17103.950,9335.017,
Contact STARLINK-4776 - MarsSat4,19119.021,28448.775,9329.754,
Contact STARLINK-4776 - MarsSat4,30468.834,34121.183,3652.349,
Contact STARLINK-4776 - MarsSat4,36143.688,45466.034,9322.346,
Contact STARLINK-4776 - MarsSat4,47493.333,56810.813,9317.480,
Contact STARLINK-4776 - MarsSat4,58842.773,68155.520,9312.746,
Contact STARLINK-4776 - MarsSat4,70192.018,73827.896,3635.879,
Contact STARLINK-4776 - MarsSat4,75866.616,85172.629,9306.013,
Contact STARLINK-5178 - MoonARTEMIS1,0.000,2352.982,2352.982,
Contact STARLINK-5178 - MoonARTEMIS1,4257.614,13794.908,9537.294,
Contact STARLINK-5178 - MoonARTEMIS1,15665.855,30977.272,15311.416,
Contact STARLINK-5178 - MoonARTEMIS1,32777.252,42464.789,9687.537,
Contact STARLINK-5178 - MoonARTEMIS1,44185.807,48216.983,4031.176,
Contact STARLINK-5178 - MoonARTEMIS1,55602.123,59657.862,4055.739,
Contact STARLINK-5178 - MoonARTEMIS1,61307.111,71105.103,9797.992,
Contact STARLINK-5178 - MoonARTEMIS1,72715.325,82562.147,9846.822,
Contact STARLINK-5178 - MoonARTEMIS1,84122.011,86400.000,2277.989,
Contact STARLINK-5178 - MoonARTEMIS2,0.000,2420.106,2420.106,
Contact STARLINK-5178 - MoonARTEMIS2,4243.356,13860.398,9617.042,
Contact STARLINK-5178 - MoonARTEMIS2,15653.322,31013.596,15360.274,
Contact STARLINK-5178 - MoonARTEMIS2,32776.318,42499.338,9723.020,
Contact STARLINK-5178 - MoonARTEMIS2,44188.339,53997.511,9809.172,
Contact STARLINK-5178 - MoonARTEMIS2,55588.753,59745.981,4157.228,
Contact STARLINK-5178 - MoonARTEMIS2,61288.282,71245.133,9956.850,
Contact STARLINK-5178 - MoonARTEMIS2,72686.323,82748.443,10062.120,
Contact STARLINK-5178 - MoonARTEMIS2,84083.228,86400.000,2316.772,
Contact STARLINK-5178 - MoonIOAGEO,0.000,2369.168,2369.168,
Contact STARLINK-5178 - MoonIOAGEO,4252.784,13377.677,9124.893,
Contact STARLINK-5178 - MoonIOAGEO,17372.334,31033.363,13661.029,
Contact STARLINK-5178 - MoonIOAGEO,32779.356,42458.579,9679.223,
Contact STARLINK-5178 - MoonIOAGEO,44184.598,53923.662,9739.063,
Contact STARLINK-5178 - MoonIOAGEO,61400.685,71182.155,9781.470,
Contact STARLINK-5178 - MoonIOAGEO,72706.295,82626.134,9919.840,
Contact STARLINK-5178 - MoonIOAGEO,84108.780,86400.000,2291.220,
Contact STARLINK-5178 - MoonIOAGNO,0.000,2366.562,2366.562,
Contact STARLINK-5178 - MoonIOAGNO,4250.231,13838.520,9588.289,
Contact STARLINK-5178 - MoonIOAGNO,15652.105,30980.781,15328.676,
Contact STARLINK-5178 - MoonIOAGNO,32743.566,42442.449,9698.883,
Contact STARLINK-5178 - MoonIOAGNO,44170.604,53952.964,9782.360,
Contact STARLINK-5178 - MoonIOAGNO,55594.626,59676.321,4081.694,
Contact STARLINK-5178 - MoonIOAGNO,61272.312,71119.705,9847.394,
Contact STARLINK-5178 - MoonIOAGNO,72659.937,82589.917,9929.980,
Contact STARLINK-5178 - MoonIOAGNO,84079.816,86400.000,2320.184,
Contact STARLINK-5178 - MoonIOAGNO 0001,0.000,2361.510,2361.510,
Contact STARLINK-5178 - MoonIOAGNO 0001,4224.171,13800.161,9575.990,
Contact STARLINK-5178 - MoonIOAGNO 0001,15636.666,31023.412,15386.746,
Contact STARLINK-5178 - MoonIOAGNO 0001,32784.484,42459.550,9675.066,
Contact STARLINK-5178 - MoonIOAGNO 0001,44153.626,53902.986,9749.359,
Contact STARLINK-5178 - MoonIOAGNO 0001,55556.685,59635.240,4078.555,
Contact STARLINK-5178 - MoonIOAGNO 0001,61268.483,71135.015,9866.532,
Contact STARLINK-5178 - MoonIOAGNO 0001,72714.345,82635.298,9920.952,
Contact STARLINK-5178 - MoonIOAGNO 0001,84075.412,86400.000,2324.588,
Contact STARLINK-5178 - MoonIOAGSO,0.000,2382.762,2382.762,
Contact STARLINK-5178 - MoonIOAGSO,4257.518,8099.562,3842.044,
Contact STARLINK-5178 - MoonIOAGSO,15681.185,31041.043,15359.858,
Contact STARLINK-5178 - MoonIOAGSO,32811.843,42478.328,9666.485,
Contact STARLINK-5178 - MoonIOAGSO,44200.710,53360.816,9160.106,
Contact STARLINK-5178 - MoonIOAGSO,55598.090,59702.455,4104.364,
Contact STARLINK-5178 - MoonIOAGSO,61325.999,71181.106,9855.107,
Contact STARLINK-5178 - MoonIOAGSO,72748.929,82642.081,9893.152,
Contact STARLINK-5178 - MoonIOAGSO,84139.952,86400.000,2260.048,
Contact STARLINK-5178 - MoonIOAGSO 0001,0.000,2415.032,2415.032,
Contact STARLINK-5178 - MoonIOAGSO 0001,4286.199,13852.511,9566.312,
Contact STARLINK-5178 - MoonIOAGSO 0001,15690.371,31007.914,15317.543,
Contact STARLINK-5178 - MoonIOAGSO 0001,33414.984,42507.071,9092.086,
Contact STARLINK-5178 - MoonIOAGSO 0001,44221.018,53964.894,9743.875,
Contact STARLINK-5178 - MoonIOAGSO 0001,55631.118,59688.530,4057.412,
Contact STARLINK-5178 - MoonIOAGSO 0001,61326.089,71136.581,9810.493,
Contact STARLINK-5178 - MoonIOAGSO 0001,78418.504,82663.819,4245.314,
Contact STARLINK-5178 - MoonIOAGSO 0001,84146.032,86400.000,2253.968,
Contact STARLINK-5178 - MoonLRO,0.000,2380.997,2380.997,
Contact STARLINK-5178 - MoonLRO,6122.411,8109.501,1987.090,
Contact STARLINK-5178 - MoonLRO,21375.879,24351.148,2975.269,
Contact STARLINK-5178 - MoonLRO,27081.734,31012.684,3930.950,
Contact STARLINK-5178 - MoonLRO,33613.021,36738.537,3125.516,
Contact STARLINK-5178 - MoonLRO,49889.917,51667.839,1777.922,
Contact STARLINK-5178 - MoonLRO,55601.734,58467.879,2866.145,
Contact STARLINK-5178 - MoonLRO,61307.413,71143.646,9836.233,
Contact STARLINK-5178 - MoonLRO,74691.179,76884.152,2192.973,
Contact STARLINK-5178 - MarsSat1,0.000,13009.582,13009.582,
Contact STARLINK-5178 - MarsSat1,14462.210,24421.975,9959.765,
Contact STARLINK-5178 - MarsSat1,25887.064,35833.996,9946.931,
Contact STARLINK-5178 - MarsSat1,37311.741,52951.336,15639.596,
Contact STARLINK-5178 - MarsSat1,54448.251,64362.478,9914.227,
Contact STARLINK-5178 - MarsSat1,65872.191,81478.660,15606.469,
Contact STARLINK-5178 - MarsSat1,83007.540,86400.000,3392.460,
Contact STARLINK-5178 - MarsSat2,0.000,13009.657,13009.657,
Contact STARLINK-5178 - MarsSat2,14462.103,24422.042,9959.939,
Contact STARLINK-5178 - MarsSat2,25886.935,35834.066,9947.131,
Contact STARLINK-5178 - MarsSat2,37311.576,52951.431,15639.855,
Contact STARLINK-5178 - MarsSat2,54448.139,64362.547,9914.408,
Contact STARLINK-5178 - MarsSat2,65872.192,81478.610,15606.418,
Contact STARLINK-5178 - MarsSat2,83007.624,86400.000,3392.376,
Contact STARLINK-5178 - MarsSat3,0.000,13009.461,13009.461,
Contact STARLINK-5178 - MarsSat3,14462.269,24421.830,9959.561,
Contact STARLINK-5178 - MarsSat3,25886.981,35833.890,9946.909,
Contact STARLINK-5178 - MarsSat3,37311.536,52951.374,15639.838,
Contact STARLINK-5178 - MarsSat3,54448.038,64362.603,9914.565,
Contact STARLINK-5178 - MarsSat3,65872.115,81478.730,15606.615,
Contact STARLINK-5178 - MarsSat3,83007.677,86400.000,3392.323,
Contact STARLINK-5178 - MarsSat4,0.000,13009.592,13009.592,
Contact STARLINK-5178 - MarsSat4,14462.274,24421.953,9959.679,
Contact STARLINK-5178 - MarsSat4,25887.151,35833.871,9946.720,
Contact STARLINK-5178 - MarsSat4,37311.627,52951.359,15639.731,
Contact STARLINK-5178 - MarsSat4,54448.162,64362.433,9914.271,
Contact STARLINK-5178 - MarsSat4,65872.075,81478.746,15606.670,
Contact STARLINK-5178 - MarsSat4,83007.590,86400.000,3392.410,
Contact STARLINK-30405 - STARLINK-5069,74806.862,75793.833,986.971,
Contact STARLINK-30405 - STARLINK-5069,82867.094,86400.000,3532.906,
Contact STARLINK-30405 - STARLINK-3368,86144.348,86400.000,255.652,
Contact STARLINK-30405 - STARLINK-1358,53623.785,54059.812,436.027,
Contact STARLINK-30405 - STARLINK-1358,78990.453,79755.032,764.578,
Contact STARLINK-30405 - STARLINK-1596,71684.117,86400.000,14715.883,
Contact STARLINK-30405 - MoonARTEMIS1,0.000,48602.050,48602.050,
Contact STARLINK-30405 - MoonARTEMIS1,53064.780,86400.000,33335.220,
Contact STARLINK-30405 - MoonARTEMIS2,0.000,53637.399,53637.399,
Contact STARLINK-30405 - MoonARTEMIS2,54252.842,64738.493,10485.651,
Contact STARLINK-30405 - MoonARTEMIS2,65743.771,81508.678,15764.908,
Contact STARLINK-30405 - MoonARTEMIS2,82811.942,86400.000,3588.058,
Contact STARLINK-30405 - MoonIOAGEO,0.000,13341.211,13341.211,
Contact STARLINK-30405 - MoonIOAGEO,17157.046,57309.009,40151.963,
Contact STARLINK-30405 - MoonIOAGEO,65599.695,86400.000,20800.305,
Contact STARLINK-30405 - MoonIOAGNO,0.000,86400.000,86400.000,
Contact STARLINK-30405 - MoonIOAGNO 0001,0.000,86400.000,86400.000,
Contact STARLINK-30405 - MoonIOAGSO,0.000,10113.621,10113.621,
Contact STARLINK-30405 - MoonIOAGSO,11578.569,53427.518,41848.950,
Contact STARLINK-30405 - MoonIOAGSO,55189.539,64712.974,9523.435,
Contact STARLINK-30405 - MoonIOAGSO,65598.864,86400.000,20801.136,
Contact STARLINK-30405 - MoonIOAGSO 0001,0.000,31773.749,31773.749,
Contact STARLINK-30405 - MoonIOAGSO 0001,33386.209,53631.778,20245.569,
Contact STARLINK-30405 - MoonIOAGSO 0001,54076.187,64788.240,10712.053,
Contact STARLINK-30405 - MoonIOAGSO 0001,65519.165,75054.144,9534.979,
Contact STARLINK-30405 - MoonIOAGSO 0001,76979.402,86400.000,9420.598,
Contact STARLINK-30405 - MoonLRO,0.000,10702.981,10702.981,
Contact STARLINK-30405 - MoonLRO,12980.148,17571.117,4590.968,
Contact STARLINK-30405 - MoonLRO,19890.972,24441.291,4550.319,
Contact STARLINK-30405 - MoonLRO,26716.881,31237.185,4520.304,
Contact STARLINK-30405 - MoonLRO,33529.224,38007.927,4478.703,
Contact STARLINK-30405 - MoonLRO,40404.188,44821.857,4417.668,
Contact STARLINK-30405 - MoonLRO,47315.559,51695.196,4379.637,
Contact STARLINK-30405 - MoonLRO,54165.510,78952.941,24787.432,
Contact STARLINK-30405 - MoonLRO,82647.892,85823.229,3175.337,
Contact STARLINK-30405 - MarsSat1,1889.735,5401.077,3511.342,
Contact STARLINK-30405 - MarsSat1,7514.796,16648.987,9134.191,
Contact STARLINK-30405 - MarsSat1,18764.871,27896.910,9132.039,
Contact STARLINK-30405 - MarsSat1,30014.876,39144.837,9129.961,
Contact STARLINK-30405 - MarsSat1,41264.798,44768.802,3504.003,
Contact STARLINK-30405 - MarsSat1,52514.634,56016.734,3502.100,
Contact STARLINK-30405 - MarsSat1,58139.521,67264.681,9125.161,
Contact STARLINK-30405 - MarsSat1,69389.241,78512.655,9123.414,
Contact STARLINK-30405 - MarsSat1,80638.904,86400.000,5761.096,
Contact STARLINK-30405 - MarsSat2,1889.752,5401.113,3511.361,
Contact STARLINK-30405 - MarsSat2,7514.817,16649.020,9134.203,
Contact STARLINK-30405 - MarsSat2,18764.890,27896.940,9132.050,
Contact STARLINK-30405 - MarsSat2,30014.890,39144.871,9129.981,
Contact STARLINK-30405 - MarsSat2,41264.815,44768.839,3504.024,
Contact STARLINK-30405 - MarsSat2,52514.661,56016.776,3502.115,
Contact STARLINK-30405 - MarsSat2,58139.551,67264.705,9125.153,
Contact STARLINK-30405 - MarsSat2,69389.259,78512.643,9123.383,
Contact STARLINK-30405 - MarsSat2,80638.894,86400.000,5761.106,
Contact STARLINK-30405 - MarsSat3,1889.738,5401.047,3511.309,
Contact STARLINK-30405 - MarsSat3,7514.773,16648.927,9134.154,
Contact STARLINK-30405 - MarsSat3,18764.814,27896.849,9132.035,
Contact STARLINK-30405 - MarsSat3,30014.809,39144.800,9129.991,
Contact STARLINK-30405 - MarsSat3,41264.749,44768.784,3504.035,
Contact STARLINK-30405 - MarsSat3,52514.626,56016.762,3502.136,
Contact STARLINK-30405 - MarsSat3,58139.538,67264.742,9125.205,
Contact STARLINK-30405 - MarsSat3,69389.297,78512.703,9123.406,
Contact STARLINK-30405 - MarsSat3,80638.950,86400.000,5761.050,
Contact STARLINK-30405 - MarsSat4,1889.732,5401.067,3511.335,
Contact STARLINK-30405 - MarsSat4,7514.794,16648.998,9134.205,
Contact STARLINK-30405 - MarsSat4,18764.893,27896.874,9131.981,
Contact STARLINK-30405 - MarsSat4,30014.833,39144.789,9129.956,
Contact STARLINK-30405 - MarsSat4,41264.747,44768.777,3504.031,
Contact STARLINK-30405 - MarsSat4,52514.632,56016.738,3502.106,
Contact STARLINK-30405 - MarsSat4,58139.508,67264.664,9125.156,
Contact STARLINK-30405 - MarsSat4,69389.220,78512.683,9123.463,
Contact STARLINK-30405 - MarsSat4,80638.938,86400.000,5761.062,
Contact STARLINK-5069 - STARLINK-3368,0.000,6505.325,6505.325,
Contact STARLINK-5069 - STARLINK-3368,13818.253,20901.026,7082.773,
Contact STARLINK-5069 - STARLINK-3368,28173.166,35269.869,7096.703,
Contact STARLINK-5069 - STARLINK-3368,42520.734,43898.934,1378.201,
Contact STARLINK-5069 - STARLINK-3368,56897.166,58250.685,1353.520,
Contact STARLINK-5069 - STARLINK-3368,65513.720,72607.324,7093.604,
Contact STARLINK-5069 - STARLINK-3368,79908.424,86400.000,6491.576,
Contact STARLINK-5069 - STARLINK-1358,6590.643,7456.941,866.298,
Contact STARLINK-5069 - STARLINK-1358,20975.790,21805.767,829.977,
Contact STARLINK-5069 - STARLINK-1358,35357.787,36157.078,799.292,
Contact STARLINK-5069 - STARLINK-1358,49748.197,50500.662,752.465,
Contact STARLINK-5069 - STARLINK-1358,64136.046,64846.142,710.096,
Contact STARLINK-5069 - STARLINK-1596,0.000,6637.112,6637.112,
Contact STARLINK-5069 - STARLINK-1596,13681.205,21061.849,7380.644,
Contact STARLINK-5069 - STARLINK-1596,22313.982,35467.356,13153.374,
Contact STARLINK-5069 - STARLINK-1596,36674.306,49885.803,13211.497,
Contact STARLINK-5069 - STARLINK-1596,51060.269,64285.565,13225.296,
Contact STARLINK-5069 - STARLINK-1596,65426.608,78697.000,13270.392,
Contact STARLINK-5069 - STARLINK-1596,79819.536,86400.000,6580.464,
Contact STARLINK-5069 - MoonARTEMIS1,0.000,6014.016,6014.016,
Contact STARLINK-5069 - MoonARTEMIS1,7863.320,17526.073,9662.752,
Contact STARLINK-5069 - MoonARTEMIS1,19415.033,34794.582,15379.548,
Contact STARLINK-5069 - MoonARTEMIS1,36746.739,46301.629,9554.890,
Contact STARLINK-5069 - MoonARTEMIS1,54063.015,63581.724,9518.709,
Contact STARLINK-5069 - MoonARTEMIS1,65596.975,75104.741,9507.766,
Contact STARLINK-5069 - MoonARTEMIS1,77133.964,80866.502,3732.538,
Contact STARLINK-5069 - MoonARTEMIS1,82903.180,86400.000,3496.820,
Contact STARLINK-5069 - MoonARTEMIS2,0.000,5998.989,5998.989,
Contact STARLINK-5069 - MoonARTEMIS2,7924.113,17515.346,9591.233,
Contact STARLINK-5069 - MoonARTEMIS2,19459.907,23273.742,3813.835,
Contact STARLINK-5069 - MoonARTEMIS2,25225.347,34787.413,9562.065,
Contact STARLINK-5069 - MoonARTEMIS2,38550.443,46298.712,7748.268,
Contact STARLINK-5069 - MoonARTEMIS2,48309.554,52058.575,3749.021,
Contact STARLINK-5069 - MoonARTEMIS2,54084.989,63580.755,9495.766,
Contact STARLINK-5069 - MoonARTEMIS2,65631.880,75104.825,9472.945,
Contact STARLINK-5069 - MoonARTEMIS2,77175.019,80867.312,3692.293,
Contact STARLINK-5069 - MoonARTEMIS2,82945.487,86400.000,3454.513,
Contact STARLINK-5069 - MoonIOAGEO,0.000,6008.929,6008.929,
Contact STARLINK-5069 - MoonIOAGEO,7884.570,11759.373,3874.803,
Contact STARLINK-5069 - MoonIOAGEO,19440.459,23263.712,3823.253,
Contact STARLINK-5069 - MoonIOAGEO,25217.040,34785.126,9568.085,
Contact STARLINK-5069 - MoonIOAGEO,36758.036,46309.184,9551.148,
Contact STARLINK-5069 - MoonIOAGEO,48293.084,52066.721,3773.637,
Contact STARLINK-5069 - MoonIOAGEO,65613.339,75102.142,9488.803,
Contact STARLINK-5069 - MoonIOAGEO,77155.291,80866.325,3711.035,
Contact STARLINK-5069 - MoonIOAGEO,82922.189,86400.000,3477.811,
Contact STARLINK-5069 - MoonIOAGNO,0.000,6003.980,6003.980,
Contact STARLINK-5069 - MoonIOAGNO,7884.649,17528.306,9643.657,
Contact STARLINK-5069 - MoonIOAGNO,19458.964,23296.505,3837.542,
Contact STARLINK-5069 - MoonIOAGNO,25234.514,34815.138,9580.625,
Contact STARLINK-5069 - MoonIOAGNO,36771.204,46313.885,9542.682,
Contact STARLINK-5069 - MoonIOAGNO,48295.600,52056.904,3761.304,
Contact STARLINK-5069 - MoonIOAGNO,54067.580,63601.900,9534.320,
Contact STARLINK-5069 - MoonIOAGNO,65631.889,75130.431,9498.542,
Contact STARLINK-5069 - MoonIOAGNO,77169.902,80887.934,3718.032,
Contact STARLINK-5069 - MoonIOAGNO,82933.514,86400.000,3466.486,
Contact STARLINK-5069 - MoonIOAGNO 0001,0.000,6033.643,6033.643,
Contact STARLINK-5069 - MoonIOAGNO 0001,7915.024,17540.461,9625.438,
Contact STARLINK-5069 - MoonIOAGNO 0001,19448.115,23285.884,3837.769,
Contact STARLINK-5069 - MoonIOAGNO 0001,25210.481,34787.281,9576.799,
Contact STARLINK-5069 - MoonIOAGNO 0001,36767.684,46329.356,9561.672,
Contact STARLINK-5069 - MoonIOAGNO 0001,48320.904,52091.239,3770.335,
Contact STARLINK-5069 - MoonIOAGNO 0001,54089.366,63601.168,9511.802,
Contact STARLINK-5069 - MoonIOAGNO 0001,65616.206,75098.278,9482.072,
Contact STARLINK-5069 - MoonIOAGNO 0001,77154.502,80875.152,3720.650,
Contact STARLINK-5069 - MoonIOAGNO 0001,82937.622,86400.000,3462.378,
Contact STARLINK-5069 - MoonIOAGSO,0.000,6006.694,6006.694,
Contact STARLINK-5069 - MoonIOAGSO,13663.753,17493.183,3829.430,
Contact STARLINK-5069 - MoonIOAGSO,19425.506,34762.952,15337.446,
Contact STARLINK-5069 - MoonIOAGSO,36736.708,46300.552,9563.844,
Contact STARLINK-5069 - MoonIOAGSO,48295.787,52070.400,3774.613,
Contact STARLINK-5069 - MoonIOAGSO,55141.920,63562.051,8420.131,
Contact STARLINK-5069 - MoonIOAGSO,65594.805,75080.929,9486.124,
Contact STARLINK-5069 - MoonIOAGSO,77133.025,80847.183,3714.158,
Contact STARLINK-5069 - MoonIOAGSO,82907.056,86400.000,3492.944,
Contact STARLINK-5069 - MoonIOAGSO 0001,0.000,5971.175,5971.175,
Contact STARLINK-5069 - MoonIOAGSO 0001,7870.385,17495.767,9625.383,
Contact STARLINK-5069 - MoonIOAGSO 0001,19422.555,23264.673,3842.119,
Contact STARLINK-5069 - MoonIOAGSO 0001,25204.637,29035.155,3830.518,
Contact STARLINK-5069 - MoonIOAGSO 0001,36749.749,46277.842,9528.092,
Contact STARLINK-5069 - MoonIOAGSO 0001,48279.214,52037.679,3758.464,
Contact STARLINK-5069 - MoonIOAGSO 0001,54049.852,63570.779,9520.927,
Contact STARLINK-5069 - MoonIOAGSO 0001,65601.238,75059.395,9458.157,
Contact STARLINK-5069 - MoonIOAGSO 0001,77151.548,80852.970,3701.422,
Contact STARLINK-5069 - MoonIOAGSO 0001,82910.221,86400.000,3489.779,
Contact STARLINK-5069 - MoonLRO,0.000,3935.652,3935.652,
Contact STARLINK-5069 - MoonLRO,7886.848,17518.496,9631.648,
Contact STARLINK-5069 - MoonLRO,19811.910,23275.573,3463.663,
Contact STARLINK-5069 - MoonLRO,26672.686,29028.302,2355.616,
Contact STARLINK-5069 - MoonLRO,42524.144,44883.420,2359.276,
Contact STARLINK-5069 - MoonLRO,48293.232,51722.246,3429.014,
Contact STARLINK-5069 - MoonLRO,54114.137,63584.916,9470.779,
Contact STARLINK-5069 - MoonLRO,67843.768,72116.404,4272.636,
Contact STARLINK-5069 - MarsSat1,0.000,2992.085,2992.085,
Contact STARLINK-5069 - MarsSat1,5040.264,8760.258,3719.994,
Contact STARLINK-5069 - MarsSat1,10807.041,20296.650,9489.609,
Contact STARLINK-5069 - MarsSat1,22340.578,31833.091,9492.513,
Contact STARLINK-5069 - MarsSat1,33874.088,37601.326,3727.238,
Contact STARLINK-5069 - MarsSat1,39640.831,49137.822,9496.991,
Contact STARLINK-5069 - MarsSat1,51174.302,60674.357,9500.055,
Contact STARLINK-5069 - MarsSat1,62707.762,66442.643,3734.881,
Contact STARLINK-5069 - MarsSat1,68474.492,77979.263,9504.771,
Contact STARLINK-5069 - MarsSat1,80007.956,86400.000,6392.044,
Contact STARLINK-5069 - MarsSat2,0.000,2992.115,2992.115,
Contact STARLINK-5069 - MarsSat2,5040.320,8760.290,3719.969,
Contact STARLINK-5069 - MarsSat2,10807.094,20296.678,9489.583,
Contact STARLINK-5069 - MarsSat2,22340.630,31833.115,9492.485,
Contact STARLINK-5069 - MarsSat2,33874.146,37601.352,3727.206,
Contact STARLINK-5069 - MarsSat2,39640.895,49137.857,9496.962,
Contact STARLINK-5069 - MarsSat2,51174.372,60674.395,9500.023,
Contact STARLINK-5069 - MarsSat2,62707.808,66442.671,3734.863,
Contact STARLINK-5069 - MarsSat2,68474.511,77979.255,9504.744,
Contact STARLINK-5069 - MarsSat2,80007.921,86400.000,6392.079,
Contact STARLINK-5069 - MarsSat3,0.000,2992.071,2992.071,
Contact STARLINK-5069 - MarsSat3,5040.213,8760.219,3720.006,
Contact STARLINK-5069 - MarsSat3,10806.974,20296.582,9489.608,
Contact STARLINK-5069 - MarsSat3,22340.513,31833.024,9492.511,
Contact STARLINK-5069 - MarsSat3,33874.056,37601.271,3727.214,
Contact STARLINK-5069 - MarsSat3,39640.825,49137.809,9496.984,
Contact STARLINK-5069 - MarsSat3,51174.349,60674.397,9500.048,
Contact STARLINK-5069 - MarsSat3,62707.843,66442.704,3734.861,
Contact STARLINK-5069 - MarsSat3,68474.572,77979.323,9504.750,
Contact STARLINK-5069 - MarsSat3,80007.984,86400.000,6392.016,
Contact STARLINK-5069 - MarsSat4,0.000,2992.075,2992.075,
Contact STARLINK-5069 - MarsSat4,5040.244,8760.254,3720.010,
Contact STARLINK-5069 - MarsSat4,10807.031,20296.667,9489.636,
Contact STARLINK-5069 - MarsSat4,22340.567,31833.033,9492.466,
Contact STARLINK-5069 - MarsSat4,33874.034,37601.264,3727.230,
Contact STARLINK-5069 - MarsSat4,39640.800,49137.812,9497.012,
Contact STARLINK-5069 - MarsSat4,51174.329,60674.334,9500.005,
Contact STARLINK-5069 - MarsSat4,62707.755,66442.615,3734.860,
Contact STARLINK-5069 - MarsSat4,68474.494,77979.288,9504.793,
Contact STARLINK-5069 - MarsSat4,80007.998,86400.000,6392.002,
Contact STARLINK-3368 - STARLINK-1358,21556.675,22208.118,651.443,
Contact STARLINK-3368 - STARLINK-1358,35876.735,36516.814,640.080,
Contact STARLINK-3368 - STARLINK-1358,50191.043,50831.028,639.985,
Contact STARLINK-3368 - STARLINK-1358,64511.200,65139.628,628.428,
Contact STARLINK-3368 - STARLINK-1358,78825.545,79453.791,628.245,
Contact STARLINK-3368 - STARLINK-1596,0.000,86400.000,86400.000,
Contact STARLINK-3368 - MoonARTEMIS1,0.000,10085.872,10085.872,
Contact STARLINK-3368 - MoonARTEMIS1,11237.270,48851.691,37614.421,
Contact STARLINK-3368 - MoonARTEMIS1,52794.288,86400.000,33605.712,
Contact STARLINK-3368 - MoonARTEMIS2,0.000,10377.721,10377.721,
Contact STARLINK-3368 - MoonARTEMIS2,11047.183,86400.000,75352.817,
Contact STARLINK-3368 - MoonIOAGEO,0.000,10181.115,10181.115,
Contact STARLINK-3368 - MoonIOAGEO,17327.473,57405.968,40078.495,
Contact STARLINK-3368 - MoonIOAGEO,61216.968,86400.000,25183.032,
Contact STARLINK-3368 - MoonIOAGNO,0.000,10238.227,10238.227,
Contact STARLINK-3368 - MoonIOAGNO,11168.304,86400.000,75231.696,
Contact STARLINK-3368 - MoonIOAGNO 0001,0.000,10166.526,10166.526,
Contact STARLINK-3368 - MoonIOAGNO 0001,11115.461,86400.000,75284.539,
Contact STARLINK-3368 - MoonIOAGSO,0.000,10134.766,10134.766,
Contact STARLINK-3368 - MoonIOAGSO,11603.559,53390.817,41787.258,
Contact STARLINK-3368 - MoonIOAGSO,55128.615,86400.000,31271.385,
Contact STARLINK-3368 - MoonIOAGSO 0001,0.000,10238.138,10238.138,
Contact STARLINK-3368 - MoonIOAGSO 0001,11234.471,31727.543,20493.072,
Contact STARLINK-3368 - MoonIOAGSO 0001,33336.224,75059.371,41723.147,
Contact STARLINK-3368 - MoonIOAGSO 0001,76952.425,86400.000,9447.575,
Contact STARLINK-3368 - MoonLRO,0.000,10217.361,10217.361,
Contact STARLINK-3368 - MoonLRO,13013.978,16016.015,3002.037,
Contact STARLINK-3368 - MoonLRO,19824.913,24392.820,4567.907,
Contact STARLINK-3368 - MoonLRO,26659.413,31174.607,4515.193,
Contact STARLINK-3368 - MoonLRO,33559.519,38007.192,4447.674,
Contact STARLINK-3368 - MoonLRO,40467.245,44879.506,4412.261,
Contact STARLINK-3368 - MoonLRO,47312.370,51720.946,4408.577,
Contact STARLINK-3368 - MoonLRO,54120.785,78982.151,24861.366,
Contact STARLINK-3368 - MoonLRO,81563.435,85833.579,4270.144,
Contact STARLINK-3368 - MarsSat1,0.000,3294.595,3294.595,
Contact STARLINK-3368 - MarsSat1,5100.334,9021.975,3921.641,
Contact STARLINK-3368 - MarsSat1,10832.637,20476.692,9644.055,
Contact STARLINK-3368 - MarsSat1,22297.067,31931.339,9634.272,
Contact STARLINK-3368 - MarsSat1,33761.240,49113.170,15351.930,
Contact STARLINK-3368 - MarsSat1,50956.965,60567.649,9610.684,
Contact STARLINK-3368 - MarsSat1,62420.415,77749.301,15328.886,
Contact STARLINK-3368 - MarsSat1,79615.096,86400.000,6784.904,
Contact STARLINK-3368 - MarsSat2,0.000,3294.658,3294.658,
Contact STARLINK-3368 - MarsSat2,5100.308,9022.038,3921.730,
Contact STARLINK-3368 - MarsSat2,10832.620,20476.748,9644.129,
Contact STARLINK-3368 - MarsSat2,22297.043,31931.396,9634.354,
Contact STARLINK-3368 - MarsSat2,33761.200,49113.243,15352.043,
Contact STARLINK-3368 - MarsSat2,50956.943,60567.711,9610.768,
Contact STARLINK-3368 - MarsSat2,62420.431,77749.279,15328.847,
Contact STARLINK-3368 - MarsSat2,79615.115,86400.000,6784.885,
Contact STARLINK-3368 - MarsSat3,0.000,3294.551,3294.551,
Contact STARLINK-3368 - MarsSat3,5100.372,9021.901,3921.529,
Contact STARLINK-3368 - MarsSat3,10832.636,20476.597,9643.961,
Contact STARLINK-3368 - MarsSat3,22296.992,31931.268,9634.276,
Contact STARLINK-3368 - MarsSat3,33761.120,49113.191,15352.071,
Contact STARLINK-3368 - MarsSat3,50956.873,60567.730,9610.857,
Contact STARLINK-3368 - MarsSat3,62420.405,77749.367,15328.962,
Contact STARLINK-3368 - MarsSat3,79615.181,86400.000,6784.819,
Contact STARLINK-3368 - MarsSat4,0.000,3294.572,3294.572,
Contact STARLINK-3368 - MarsSat4,5100.349,9021.963,3921.614,
Contact STARLINK-3368 - MarsSat4,10832.659,20476.701,9644.042,
Contact STARLINK-3368 - MarsSat4,22297.119,31931.260,9634.142,
Contact STARLINK-3368 - MarsSat4,33761.165,49113.179,15352.014,
Contact STARLINK-3368 - MarsSat4,50956.916,60567.633,9610.718,
Contact STARLINK-3368 - MarsSat4,62420.354,77749.340,15328.986,
Contact STARLINK-3368 - MarsSat4,79615.119,86400.000,6784.881,
Contact STARLINK-1358 - STARLINK-1596,7094.746,7914.582,819.836,
Contact STARLINK-1358 - STARLINK-1596,21425.193,22268.183,842.991,
Contact STARLINK-1358 - STARLINK-1596,35758.535,36619.231,860.696,
Contact STARLINK-1358 - STARLINK-1596,50090.947,50970.899,879.952,
Contact STARLINK-1358 - STARLINK-1596,64426.318,65319.898,893.581,
Contact STARLINK-1358 - STARLINK-1596,78760.626,79669.707,909.081,
Contact STARLINK-1358 - MoonARTEMIS1,1462.300,5118.573,3656.274,
Contact STARLINK-1358 - MoonARTEMIS1,7208.875,16614.258,9405.383,
Contact STARLINK-1358 - MoonARTEMIS1,18706.052,28115.863,9409.811,
Contact STARLINK-1358 - MoonARTEMIS1,30210.705,45397.610,15186.905,
Contact STARLINK-1358 - MoonARTEMIS1,53232.952,56881.141,3648.189,
Contact STARLINK-1358 - MoonARTEMIS1,58971.565,68361.572,9390.006,
Contact STARLINK-1358 - MoonARTEMIS1,70452.739,74103.123,3650.384,
Contact STARLINK-1358 - MoonARTEMIS1,76195.084,85588.729,9393.646,
Contact STARLINK-1358 - MoonARTEMIS2,1547.413,5190.930,3643.517,
Contact STARLINK-1358 - MoonARTEMIS2,7290.413,16675.103,9384.690,
Contact STARLINK-1358 - MoonARTEMIS2,18772.430,28153.696,9381.266,
Contact STARLINK-1358 - MoonARTEMIS2,30246.891,45413.932,15167.041,
Contact STARLINK-1358 - MoonARTEMIS2,47514.802,56923.249,9408.447,
Contact STARLINK-1358 - MoonARTEMIS2,59026.363,74173.533,15147.170,
Contact STARLINK-1358 - MoonARTEMIS2,76280.709,85667.950,9387.240,
Contact STARLINK-1358 - MoonIOAGEO,1488.231,5140.249,3652.017,
Contact STARLINK-1358 - MoonIOAGEO,7236.009,10895.787,3659.778,
Contact STARLINK-1358 - MoonIOAGEO,18755.085,28165.204,9410.119,
Contact STARLINK-1358 - MoonIOAGEO,30258.834,45377.628,15118.794,
Contact STARLINK-1358 - MoonIOAGEO,47471.960,56883.164,9411.204,
Contact STARLINK-1358 - MoonIOAGEO,64744.550,68398.101,3653.550,
Contact STARLINK-1358 - MoonIOAGEO,70498.215,74143.169,3644.954,
Contact STARLINK-1358 - MoonIOAGEO,76241.134,85614.206,9373.073,
Contact STARLINK-1358 - MoonIOAGNO,1489.653,5146.439,3656.786,
Contact STARLINK-1358 - MoonIOAGNO,7245.348,16653.265,9407.917,
Contact STARLINK-1358 - MoonIOAGNO,18750.790,28132.592,9381.802,
Contact STARLINK-1358 - MoonIOAGNO,30234.024,45375.878,15141.854,
Contact STARLINK-1358 - MoonIOAGNO,47475.805,56893.412,9417.607,
Contact STARLINK-1358 - MoonIOAGNO,58991.441,68368.948,9377.507,
Contact STARLINK-1358 - MoonIOAGNO,70473.212,74109.954,3636.742,
Contact STARLINK-1358 - MoonIOAGNO,76215.430,85602.843,9387.413,
Contact STARLINK-1358 - MoonIOAGNO 0001,1501.742,5142.041,3640.299,
Contact STARLINK-1358 - MoonIOAGNO 0001,7243.624,16631.935,9388.311,
Contact STARLINK-1358 - MoonIOAGNO 0001,18732.382,28142.442,9410.060,
Contact STARLINK-1358 - MoonIOAGNO 0001,30242.231,45381.140,15138.909,
Contact STARLINK-1358 - MoonIOAGNO 0001,47482.705,56865.931,9383.226,
Contact STARLINK-1358 - MoonIOAGNO 0001,58968.862,68367.767,9398.905,
Contact STARLINK-1358 - MoonIOAGNO 0001,70470.497,74133.174,3662.677,
Contact STARLINK-1358 - MoonIOAGNO 0001,76236.820,85616.646,9379.826,
Contact STARLINK-1358 - MoonIOAGSO,1495.070,5147.947,3652.877,
Contact STARLINK-1358 - MoonIOAGSO,13007.153,16668.311,3661.157,
Contact STARLINK-1358 - MoonIOAGSO,18758.571,28164.342,9405.771,
Contact STARLINK-1358 - MoonIOAGSO,30249.613,45388.785,15139.172,
Contact STARLINK-1358 - MoonIOAGSO,47481.593,51132.785,3651.191,
Contact STARLINK-1358 - MoonIOAGSO,58995.732,74145.868,15150.136,
Contact STARLINK-1358 - MoonIOAGSO,76236.947,85626.672,9389.725,
Contact STARLINK-1358 - MoonIOAGSO 0001,1511.818,5171.058,3659.239,
Contact STARLINK-1358 - MoonIOAGSO 0001,7256.123,16656.425,9400.302,
Contact STARLINK-1358 - MoonIOAGSO 0001,18743.407,28140.809,9397.402,
Contact STARLINK-1358 - MoonIOAGSO 0001,36001.522,45410.999,9409.477,
Contact STARLINK-1358 - MoonIOAGSO 0001,47498.700,56898.392,9399.692,
Contact STARLINK-1358 - MoonIOAGSO 0001,58987.058,68378.111,9391.053,
Contact STARLINK-1358 - MoonIOAGSO 0001,70474.733,74124.447,3649.714,
Contact STARLINK-1358 - MoonIOAGSO 0001,76978.025,85642.768,8664.743,
Contact STARLINK-1358 - MoonLRO,1499.438,3961.479,2462.041,
Contact STARLINK-1358 - MoonLRO,13006.300,16649.685,3643.385,
Contact STARLINK-1358 - MoonLRO,19880.055,22397.261,2517.206,
Contact STARLINK-1358 - MoonLRO,35988.294,38056.600,2068.306,
Contact STARLINK-1358 - MoonLRO,41738.673,44863.632,3124.959,
Contact STARLINK-1358 - MoonLRO,47490.758,51137.751,3646.993,
Contact STARLINK-1358 - MoonLRO,60997.248,65332.669,4335.421,
Contact STARLINK-1358 - MoonLRO,70477.747,72167.436,1689.689,
Contact STARLINK-1358 - MoonLRO,81978.725,85621.915,3643.191,
Contact STARLINK-1358 - MarsSat1,0.000,3357.580,3357.580,
Contact STARLINK-1358 - MarsSat1,5472.237,9088.045,3615.809,
Contact STARLINK-1358 - MarsSat1,11203.376,20548.994,9345.617,
Contact STARLINK-1358 - MarsSat1,22665.628,32009.964,9344.336,
Contact STARLINK-1358 - MarsSat1,34127.836,37740.452,3612.616,
Contact STARLINK-1358 - MarsSat1,39858.917,49201.421,9342.503,
Contact STARLINK-1358 - MarsSat1,51321.020,60662.364,9341.344,
Contact STARLINK-1358 - MarsSat1,62783.030,66392.824,3609.794,
Contact STARLINK-1358 - MarsSat1,68514.000,77853.728,9339.728,
Contact STARLINK-1358 - MarsSat1,79975.880,86400.000,6424.120,
Contact STARLINK-1358 - MarsSat2,0.000,3357.505,3357.505,
Contact STARLINK-1358 - MarsSat2,5472.168,9087.979,3615.812,
Contact STARLINK-1358 - MarsSat2,11203.314,20548.929,9345.614,
Contact STARLINK-1358 - MarsSat2,22665.562,32009.883,9344.320,
Contact STARLINK-1358 - MarsSat2,34127.752,37740.363,3612.610,
Contact STARLINK-1358 - MarsSat2,39858.826,49201.331,9342.505,
Contact STARLINK-1358 - MarsSat2,51320.937,60662.315,9341.378,
Contact STARLINK-1358 - MarsSat2,62782.996,66392.809,3609.812,
Contact STARLINK-1358 - MarsSat2,68514.000,77853.770,9339.770,
Contact STARLINK-1358 - MarsSat2,79975.929,86400.000,6424.071,
Contact STARLINK-1358 - MarsSat3,0.000,3357.653,3357.653,
Contact STARLINK-1358 - MarsSat3,5472.310,9088.116,3615.806,
Contact STARLINK-1358 - MarsSat3,11203.438,20549.025,9345.588,
Contact STARLINK-1358 - MarsSat3,22665.640,32009.934,9344.294,
Contact STARLINK-1358 - MarsSat3,34127.784,37740.391,3612.607,
Contact STARLINK-1358 - MarsSat3,39858.838,49201.318,9342.481,
Contact STARLINK-1358 - MarsSat3,51320.911,60662.268,9341.357,
Contact STARLINK-1358 - MarsSat3,62782.945,66392.753,3609.808,
Contact STARLINK-1358 - MarsSat3,68513.947,77853.738,9339.791,
Contact STARLINK-1358 - MarsSat3,79975.911,86400.000,6424.089,
Contact STARLINK-1358 - MarsSat4,0.000,3357.611,3357.611,
Contact STARLINK-1358 - MarsSat4,5472.265,9088.069,3615.804,
Contact STARLINK-1358 - MarsSat4,11203.400,20549.029,9345.629,
Contact STARLINK-1358 - MarsSat4,22665.674,32009.986,9344.311,
Contact STARLINK-1358 - MarsSat4,34127.835,37740.435,3612.600,
Contact STARLINK-1358 - MarsSat4,39858.879,49201.361,9342.482,
Contact STARLINK-1358 - MarsSat4,51320.961,60662.335,9341.373,
Contact STARLINK-1358 - MarsSat4,62782.994,66392.786,3609.792,
Contact STARLINK-1358 - MarsSat4,68513.955,77853.694,9339.739,
Contact STARLINK-1358 - MarsSat4,79975.857,86400.000,6424.143,
Contact STARLINK-1596 - MoonARTEMIS1,0.000,48804.763,48804.763,
Contact STARLINK-1596 - MoonARTEMIS1,52828.896,86400.000,33571.104,
Contact STARLINK-1596 - MoonARTEMIS2,0.000,86400.000,86400.000,
Contact STARLINK-1596 - MoonIOAGEO,0.000,13544.747,13544.747,
Contact STARLINK-1596 - MoonIOAGEO,17316.320,57370.643,40054.323,
Contact STARLINK-1596 - MoonIOAGEO,61226.879,86400.000,25173.121,
Contact STARLINK-1596 - MoonIOAGNO,0.000,86400.000,86400.000,
Contact STARLINK-1596 - MoonIOAGNO 0001,0.000,86400.000,86400.000,
Contact STARLINK-1596 - MoonIOAGSO,0.000,10134.987,10134.987,
Contact STARLINK-1596 - MoonIOAGSO,11600.094,53396.991,41796.896,
Contact STARLINK-1596 - MoonIOAGSO,55137.719,86400.000,31262.281,
Contact STARLINK-1596 - MoonIOAGSO 0001,0.000,31727.828,31727.828,
Contact STARLINK-1596 - MoonIOAGSO 0001,33332.672,75060.839,41728.167,
Contact STARLINK-1596 - MoonIOAGSO 0001,76965.409,86400.000,9434.591,
Contact STARLINK-1596 - MoonLRO,0.000,10795.182,10795.182,
Contact STARLINK-1596 - MoonLRO,13015.758,17618.197,4602.439,
Contact STARLINK-1596 - MoonLRO,19828.342,24394.772,4566.430,
Contact STARLINK-1596 - MoonLRO,26659.371,31175.345,4515.973,
Contact STARLINK-1596 - MoonLRO,33553.414,38003.191,4449.777,
Contact STARLINK-1596 - MoonLRO,40463.859,44874.578,4410.719,
Contact STARLINK-1596 - MoonLRO,47316.745,51722.499,4405.754,
Contact STARLINK-1596 - MoonLRO,54128.166,78971.486,24843.320,
Contact STARLINK-1596 - MoonLRO,81569.233,85831.163,4261.930,
Contact STARLINK-1596 - MarsSat1,0.000,3295.131,3295.131,
Contact STARLINK-1596 - MarsSat1,5263.067,9044.341,3781.273,
Contact STARLINK-1596 - MarsSat1,11015.315,20542.759,9527.444,
Contact STARLINK-1596 - MarsSat1,22519.708,32041.166,9521.459,
Contact STARLINK-1596 - MarsSat1,34023.949,37790.363,3766.414,
Contact STARLINK-1596 - MarsSat1,39776.007,49288.745,9512.738,
Contact STARLINK-1596 - MarsSat1,51279.992,60787.122,9507.129,
Contact STARLINK-1596 - MarsSat1,62783.807,66536.312,3752.505,
Contact STARLINK-1596 - MarsSat1,68535.657,78034.706,9499.049,
Contact STARLINK-1596 - MarsSat1,80039.258,86400.000,6360.742,
Contact STARLINK-1596 - MarsSat2,0.000,3295.181,3295.181,
Contact STARLINK-1596 - MarsSat2,5263.070,9044.390,3781.320,
Contact STARLINK-1596 - MarsSat2,11015.322,20542.804,9527.482,
Contact STARLINK-1596 - MarsSat2,22519.709,32041.211,9521.503,
Contact STARLINK-1596 - MarsSat2,34023.941,37790.412,3766.471,
Contact STARLINK-1596 - MarsSat2,39776.000,49288.803,9512.803,
Contact STARLINK-1596 - MarsSat2,51280.000,60787.171,9507.171,
Contact STARLINK-1596 - MarsSat2,62783.833,66536.343,3752.510,
Contact STARLINK-1596 - MarsSat2,68535.681,78034.688,9499.007,
Contact STARLINK-1596 - MarsSat2,80039.260,86400.000,6360.740,
Contact STARLINK-1596 - MarsSat3,0.000,3295.097,3295.097,
Contact STARLINK-1596 - MarsSat3,5263.074,9044.282,3781.208,
Contact STARLINK-1596 - MarsSat3,11015.291,20542.682,9527.391,
Contact STARLINK-1596 - MarsSat3,22519.636,32041.107,9521.471,
Contact STARLINK-1596 - MarsSat3,34023.859,37790.324,3766.466,
Contact STARLINK-1596 - MarsSat3,39775.922,49288.760,9512.838,
Contact STARLINK-1596 - MarsSat3,51279.947,60787.186,9507.239,
Contact STARLINK-1596 - MarsSat3,62783.828,66536.389,3752.562,
Contact STARLINK-1596 - MarsSat3,68535.708,78034.760,9499.053,
Contact STARLINK-1596 - MarsSat3,80039.323,86400.000,6360.677,
Contact STARLINK-1596 - MarsSat4,0.000,3295.114,3295.114,
Contact STARLINK-1596 - MarsSat4,5263.071,9044.331,3781.261,
Contact STARLINK-1596 - MarsSat4,11015.327,20542.767,9527.440,
Contact STARLINK-1596 - MarsSat4,22519.737,32041.102,9521.365,
Contact STARLINK-1596 - MarsSat4,34023.881,37790.306,3766.426,
Contact STARLINK-1596 - MarsSat4,39775.930,49288.752,9512.821,
Contact STARLINK-1596 - MarsSat4,51279.969,60787.107,9507.137,
Contact STARLINK-1596 - MarsSat4,62783.764,66536.296,3752.532,
Contact STARLINK-1596 - MarsSat4,68535.617,78034.739,9499.122,
Contact STARLINK-1596 - MarsSat4,80039.289,86400.000,6360.711,
Contact MoonARTEMIS1 - MoonARTEMIS2,8697.979,39456.301,30758.323,
Contact MoonARTEMIS1 - MoonARTEMIS2,43924.661,86400.000,42475.339,
Contact MoonARTEMIS1 - MoonIOAGEO,0.000,25209.722,25209.722,
Contact MoonARTEMIS1 - MoonIOAGEO,30066.866,45075.473,15008.607,
Contact MoonARTEMIS1 - MoonIOAGEO,47563.666,73274.605,25710.938,
Contact MoonARTEMIS1 - MoonIOAGEO,77929.611,86400.000,8470.389,
Contact MoonARTEMIS1 - MoonIOAGNO,0.000,10549.114,10549.114,
Contact MoonARTEMIS1 - MoonIOAGNO,13498.687,55229.146,41730.459,
Contact MoonARTEMIS1 - MoonIOAGNO,58392.281,86400.000,28007.719,
Contact MoonARTEMIS1 - MoonIOAGNO 0001,0.000,31788.953,31788.953,
Contact MoonARTEMIS1 - MoonIOAGNO 0001,33766.354,75745.426,41979.072,
Contact MoonARTEMIS1 - MoonIOAGNO 0001,79406.706,86400.000,6993.294,
Contact MoonARTEMIS1 - MoonIOAGSO,0.000,45992.270,45992.270,
Contact MoonARTEMIS1 - MoonIOAGSO,50530.797,86400.000,35869.203,
Contact MoonARTEMIS1 - MoonIOAGSO 0001,0.000,86400.000,86400.000,
Contact MoonARTEMIS1 - MoonLRO,0.000,17575.695,17575.695,
Contact MoonARTEMIS1 - MoonLRO,20498.175,24341.499,3843.324,
Contact MoonARTEMIS1 - MoonLRO,27412.419,31100.577,3688.158,
Contact MoonARTEMIS1 - MoonLRO,34346.389,37823.104,3476.714,
Contact MoonARTEMIS1 - MoonLRO,41430.890,47897.373,6466.483,
Contact MoonARTEMIS1 - MoonLRO,51492.804,55179.691,3686.886,
Contact MoonARTEMIS1 - MoonLRO,58052.244,86342.930,28290.686,
Contact MoonARTEMIS1 - MarsSat1,0.000,45438.494,45438.494,
Contact MoonARTEMIS1 - MarsSat1,47877.397,86400.000,38522.603,
Contact MoonARTEMIS1 - MarsSat2,0.000,45438.586,45438.586,
Contact MoonARTEMIS1 - MarsSat2,47877.577,86400.000,38522.423,
Contact MoonARTEMIS1 - MarsSat3,0.000,45438.632,45438.632,
Contact MoonARTEMIS1 - MarsSat3,47877.686,86400.000,38522.314,
Contact MoonARTEMIS1 - MarsSat4,0.000,45438.587,45438.587,
Contact MoonARTEMIS1 - MarsSat4,47877.581,86400.000,38522.419,
Contact MoonARTEMIS2 - MoonIOAGEO,0.000,6880.487,6880.487,
Contact MoonARTEMIS2 - MoonIOAGEO,11773.700,35267.220,23493.521,
Contact MoonARTEMIS2 - MoonIOAGEO,48593.791,86400.000,37806.209,
Contact MoonARTEMIS2 - MoonIOAGNO,0.000,4537.398,4537.398,
Contact MoonARTEMIS2 - MoonIOAGNO,8507.333,86400.000,77892.667,
Contact MoonARTEMIS2 - MoonIOAGNO 0001,0.000,27124.584,27124.584,
Contact MoonARTEMIS2 - MoonIOAGNO 0001,31378.964,34603.288,3224.325,
Contact MoonARTEMIS2 - MoonIOAGNO 0001,37896.762,86400.000,48503.238,
Contact MoonARTEMIS2 - MoonIOAGSO,0.000,49434.999,49434.999,
Contact MoonARTEMIS2 - MoonIOAGSO,51097.604,86400.000,35302.396,
Contact MoonARTEMIS2 - MoonIOAGSO 0001,0.000,31546.699,31546.699,
Contact MoonARTEMIS2 - MoonIOAGSO 0001,35690.639,86400.000,50709.361,
Contact MoonARTEMIS2 - MoonLRO,0.000,7092.626,7092.626,
Contact MoonARTEMIS2 - MoonLRO,9714.411,13862.102,4147.690,
Contact MoonARTEMIS2 - MoonLRO,16353.180,20499.220,4146.040,
Contact MoonARTEMIS2 - MoonLRO,22685.119,31030.224,8345.105,
Contact MoonARTEMIS2 - MoonLRO,38111.589,41211.085,3099.496,
Contact MoonARTEMIS2 - MoonLRO,44463.547,48085.549,3622.002,
Contact MoonARTEMIS2 - MoonLRO,51182.463,54922.679,3740.215,
Contact MoonARTEMIS2 - MoonLRO,57945.459,75402.582,17457.122,
Contact MoonARTEMIS2 - MoonLRO,78293.323,82224.983,3931.660,
Contact MoonARTEMIS2 - MoonLRO,85078.884,86400.000,1321.116,
Contact MoonARTEMIS2 - MarsSat1,0.000,41198.853,41198.853,
Contact MoonARTEMIS2 - MarsSat1,47610.879,86400.000,38789.121,
Contact MoonARTEMIS2 - MarsSat2,0.000,41197.489,41197.489,
Contact MoonARTEMIS2 - MarsSat2,47610.408,86400.000,38789.592,
Contact MoonARTEMIS2 - MarsSat3,0.000,41197.219,41197.219,
Contact MoonARTEMIS2 - MarsSat3,47609.008,86400.000,38790.992,
Contact MoonARTEMIS2 - MarsSat4,0.000,41197.835,41197.835,
Contact MoonARTEMIS2 - MarsSat4,47609.584,86400.000,38790.416,
Contact MoonIOAGEO - MoonIOAGNO,0.000,10353.242,10353.242,
Contact MoonIOAGEO - MoonIOAGNO,14721.238,53551.952,38830.714,
Contact MoonIOAGEO - MoonIOAGNO,57917.634,86400.000,28482.366,
Contact MoonIOAGEO - MoonIOAGNO 0001,0.000,26277.253,26277.253,
Contact MoonIOAGEO - MoonIOAGNO 0001,29869.376,69471.774,39602.399,
Contact MoonIOAGEO - MoonIOAGNO 0001,73068.678,86400.000,13331.322,
Contact MoonIOAGEO - MoonIOAGSO,0.000,86400.000,86400.000,
Contact MoonIOAGEO - MoonIOAGSO 0001,0.000,86400.000,86400.000,
Contact MoonIOAGEO - MoonLRO,382.283,3669.149,3286.866,
Contact MoonIOAGEO - MoonLRO,7374.162,13638.314,6264.151,
Contact MoonIOAGEO - MoonLRO,17285.612,20751.344,3465.732,
Contact MoonIOAGEO - MoonLRO,24189.379,27649.200,3459.821,
Contact MoonIOAGEO - MoonLRO,31247.862,37608.603,6360.741,
Contact MoonIOAGEO - MoonLRO,41308.016,44593.076,3285.059,
Contact MoonIOAGEO - MoonLRO,48235.983,51545.062,3309.079,
Contact MoonIOAGEO - MoonLRO,58189.951,61666.025,3476.074,
Contact MoonIOAGEO - MoonLRO,65114.672,68576.406,3461.734,
Contact MoonIOAGEO - MoonLRO,82231.443,85514.470,3283.027,
Contact MoonIOAGEO - MarsSat1,0.000,21034.652,21034.652,
Contact MoonIOAGEO - MarsSat1,24977.965,64278.649,39300.684,
Contact MoonIOAGEO - MarsSat1,68221.948,86400.000,18178.052,
Contact MoonIOAGEO - MarsSat2,0.000,21034.279,21034.279,
Contact MoonIOAGEO - MarsSat2,24977.524,64278.576,39301.052,
Contact MoonIOAGEO - MarsSat2,68221.997,86400.000,18178.003,
Contact MoonIOAGEO - MarsSat3,0.000,21034.579,21034.579,
Contact MoonIOAGEO - MarsSat3,24977.771,64278.258,39300.487,
Contact MoonIOAGEO - MarsSat3,68221.717,86400.000,18178.283,
Contact MoonIOAGEO - MarsSat4,0.000,21034.994,21034.994,
Contact MoonIOAGEO - MarsSat4,24978.298,64278.271,39299.973,
Contact MoonIOAGEO - MarsSat4,68221.553,86400.000,18178.447,
Contact MoonIOAGNO - MoonIOAGNO 0001,0.000,8514.071,8514.071,
Contact MoonIOAGNO - MoonIOAGNO 0001,11243.364,30113.206,18869.843,
Contact MoonIOAGNO - MoonIOAGNO 0001,32842.499,51712.341,18869.843,
Contact MoonIOAGNO - MoonIOAGNO 0001,54441.634,73311.477,18869.843,
Contact MoonIOAGNO - MoonIOAGNO 0001,76040.769,86400.000,10359.231,
Contact MoonIOAGNO - MoonIOAGSO,0.000,8203.247,8203.247,
Contact MoonIOAGNO - MoonIOAGSO,11019.262,51401.421,40382.159,
Contact MoonIOAGNO - MoonIOAGSO,54217.453,86400.000,32182.547,
Contact MoonIOAGNO - MoonIOAGSO 0001,725.772,35606.125,34880.354,
Contact MoonIOAGNO - MoonIOAGSO 0001,43922.891,78803.944,34881.053,
Contact MoonIOAGNO - MoonLRO,1245.768,4247.597,3001.829,
Contact MoonIOAGNO - MoonLRO,15689.597,18716.357,3026.759,
Contact MoonIOAGNO - MoonLRO,22014.125,32185.935,10171.810,
Contact MoonIOAGNO - MoonLRO,35455.397,38909.991,3454.594,
Contact MoonIOAGNO - MoonLRO,42217.364,45479.152,3261.788,
Contact MoonIOAGNO - MoonLRO,53046.528,59728.823,6682.296,
Contact MoonIOAGNO - MoonLRO,63046.020,66418.301,3372.281,
Contact MoonIOAGNO - MoonLRO,69691.345,73163.591,3472.247,
Contact MoonIOAGNO - MoonLRO,76429.336,79900.804,3471.468,
Contact MoonIOAGNO - MoonLRO,83189.271,86400.000,3210.729,
Contact MoonIOAGNO - MarsSat1,0.000,86400.000,86400.000,
Contact MoonIOAGNO - MarsSat2,0.000,86400.000,86400.000,
Contact MoonIOAGNO - MarsSat3,0.000,86400.000,86400.000,
Contact MoonIOAGNO - MarsSat4,0.000,86400.000,86400.000,
Contact MoonIOAGNO 0001 - MoonIOAGSO,0.000,14007.216,14007.216,
Contact MoonIOAGNO 0001 - MoonIOAGSO,22324.331,57205.035,34880.704,
Contact MoonIOAGNO 0001 - MoonIOAGSO,65521.450,86400.000,20878.550,
Contact MoonIOAGNO 0001 - MoonIOAGSO 0001,0.000,29802.334,29802.334,
Contact MoonIOAGNO 0001 - MoonIOAGSO 0001,32618.358,73000.508,40382.151,
Contact MoonIOAGNO 0001 - MoonIOAGSO 0001,75816.548,86400.000,10583.452,
Contact MoonIOAGNO 0001 - MoonLRO,1508.561,4950.572,3442.010,
Contact MoonIOAGNO 0001 - MoonLRO,8216.711,11696.350,3479.639,
Contact MoonIOAGNO 0001 - MoonLRO,14968.899,18410.550,3441.651,
Contact MoonIOAGNO 0001 - MoonLRO,42525.773,45928.476,3402.702,
Contact MoonIOAGNO 0001 - MoonLRO,49198.365,52674.959,3476.594,
Contact MoonIOAGNO 0001 - MoonLRO,55942.177,59406.502,3464.326,
Contact MoonIOAGNO 0001 - MoonLRO,62703.319,66028.996,3325.676,
Contact MoonIOAGNO 0001 - MoonLRO,73737.120,80254.102,6516.982,
Contact MoonIOAGNO 0001 - MoonLRO,83578.889,86400.000,2821.111,
Contact MoonIOAGNO 0001 - MarsSat1,0.000,86400.000,86400.000,
Contact MoonIOAGNO 0001 - MarsSat2,0.000,86400.000,86400.000,
Contact MoonIOAGNO 0001 - MarsSat3,0.000,86400.000,86400.000,
Contact MoonIOAGNO 0001 - MarsSat4,0.000,86400.000,86400.000,
Contact MoonIOAGSO - MoonIOAGSO 0001,0.000,8514.071,8514.071,
Contact MoonIOAGSO - MoonIOAGSO 0001,11243.364,30113.206,18869.843,
Contact MoonIOAGSO - MoonIOAGSO 0001,32842.499,51712.341,18869.843,
Contact MoonIOAGSO - MoonIOAGSO 0001,54441.634,73311.477,18869.843,
Contact MoonIOAGSO - MoonIOAGSO 0001,76040.769,86400.000,10359.231,
Contact MoonIOAGSO - MoonLRO,0.000,3123.566,3123.566,
Contact MoonIOAGSO - MoonLRO,8501.031,14332.767,5831.736,
Contact MoonIOAGSO - MoonLRO,18241.496,21986.214,3744.718,
Contact MoonIOAGSO - MoonLRO,25475.697,29238.037,3762.339,
Contact MoonIOAGSO - MoonLRO,32692.786,36469.705,3776.919,
Contact MoonIOAGSO - MoonLRO,40045.873,43825.517,3779.644,
Contact MoonIOAGSO - MoonLRO,48005.827,51987.657,3981.831,
Contact MoonIOAGSO - MoonLRO,59009.576,62756.864,3747.288,
Contact MoonIOAGSO - MoonLRO,66302.491,70058.222,3755.731,
Contact MoonIOAGSO - MoonLRO,73508.856,77281.744,3772.888,
Contact MoonIOAGSO - MoonLRO,80795.858,84576.267,3780.409,
Contact MoonIOAGSO - MarsSat1,0.000,86400.000,86400.000,
Contact MoonIOAGSO - MarsSat2,0.000,86400.000,86400.000,
Contact MoonIOAGSO - MarsSat3,0.000,86400.000,86400.000,
Contact MoonIOAGSO - MarsSat4,0.000,86400.000,86400.000,
Contact MoonIOAGSO 0001 - MoonLRO,0.000,1589.402,1589.402,
Contact MoonIOAGSO 0001 - MoonLRO,5061.572,8826.983,3765.411,
Contact MoonIOAGSO 0001 - MoonLRO,12289.329,16067.794,3778.465,
Contact MoonIOAGSO 0001 - MoonLRO,19687.920,23466.612,3778.693,
Contact MoonIOAGSO 0001 - MoonLRO,27970.517,34384.040,6413.523,
Contact MoonIOAGSO 0001 - MoonLRO,38632.012,42376.256,3744.243,
Contact MoonIOAGSO 0001 - MoonLRO,45889.550,49648.647,3759.097,
Contact MoonIOAGSO 0001 - MoonLRO,53099.524,56874.574,3775.051,
Contact MoonIOAGSO 0001 - MoonLRO,60416.038,64196.297,3780.259,
Contact MoonIOAGSO 0001 - MoonLRO,68182.006,71996.439,3814.433,
Contact MoonIOAGSO 0001 - MoonLRO,79365.683,83123.906,3758.222,
Contact MoonIOAGSO 0001 - MarsSat1,0.000,86400.000,86400.000,
Contact MoonIOAGSO 0001 - MarsSat2,0.000,86400.000,86400.000,
Contact MoonIOAGSO 0001 - MarsSat3,0.000,86400.000,86400.000,
Contact MoonIOAGSO 0001 - MarsSat4,0.000,86400.000,86400.000,
Contact MoonLRO - MarsSat1,41.422,10789.125,10747.703,
Contact MoonLRO - MarsSat1,13692.145,17614.538,3922.392,
Contact MoonLRO - MarsSat1,20517.509,24439.955,3922.447,
Contact MoonLRO - MarsSat1,27342.877,31265.380,3922.503,
Contact MoonLRO - MarsSat1,34168.252,38090.813,3922.561,
Contact MoonLRO - MarsSat1,40993.632,44916.252,3922.619,
Contact MoonLRO - MarsSat1,47819.018,51741.694,3922.676,
Contact MoonLRO - MarsSat1,54644.406,58567.138,3922.732,
Contact MoonLRO - MarsSat1,61469.792,79043.442,17573.650,
Contact MoonLRO - MarsSat1,81945.917,85868.864,3922.947,
Contact MoonLRO - MarsSat2,41.362,10789.066,10747.704,
Contact MoonLRO - MarsSat2,13692.090,17614.481,3922.392,
Contact MoonLRO - MarsSat2,20517.455,24439.899,3922.444,
Contact MoonLRO - MarsSat2,27342.823,31265.321,3922.498,
Contact MoonLRO - MarsSat2,34168.193,38090.747,3922.554,
Contact MoonLRO - MarsSat2,40993.567,44916.179,3922.612,
Contact MoonLRO - MarsSat2,47818.947,51741.620,3922.673,
Contact MoonLRO - MarsSat2,54644.336,58567.073,3922.737,
Contact MoonLRO - MarsSat2,61469.737,79043.474,17573.737,
Contact MoonLRO - MarsSat2,81945.959,85868.923,3922.964,
Contact MoonLRO - MarsSat3,41.447,10789.199,10747.752,
Contact MoonLRO - MarsSat3,13692.223,17614.618,3922.395,
Contact MoonLRO - MarsSat3,20517.588,24440.028,3922.440,
Contact MoonLRO - MarsSat3,27342.944,31265.432,3922.488,
Contact MoonLRO - MarsSat3,34168.295,38090.835,3922.539,
Contact MoonLRO - MarsSat3,40993.645,44916.238,3922.594,
Contact MoonLRO - MarsSat3,47818.995,51741.646,3922.651,
Contact MoonLRO - MarsSat3,54644.348,58567.061,3922.712,
Contact MoonLRO - MarsSat3,61469.710,79043.399,17573.689,
Contact MoonLRO - MarsSat3,81945.893,85868.873,3922.980,
Contact MoonLRO - MarsSat4,41.441,10789.134,10747.693,
Contact MoonLRO - MarsSat4,13692.146,17614.532,3922.387,
Contact MoonLRO - MarsSat4,20517.506,24439.983,3922.476,
Contact MoonLRO - MarsSat4,27342.927,31265.445,3922.518,
Contact MoonLRO - MarsSat4,34168.316,38090.861,3922.546,
Contact MoonLRO - MarsSat4,40993.668,44916.259,3922.591,
Contact MoonLRO - MarsSat4,47819.010,51741.667,3922.657,
Contact MoonLRO - MarsSat4,54644.383,58567.136,3922.752,
Contact MoonLRO - MarsSat4,61469.804,79043.398,17573.595,
Contact MoonLRO - MarsSat4,81945.866,85868.821,3922.955,
Contact MarsSat1 - MarsSat2,0.000,86400.000,86400.000,
Contact MarsSat1 - MarsSat3,0.000,86400.000,86400.000,
Contact MarsSat1 - MarsSat4,0.000,41794.416,41794.416,
Contact MarsSat1 - MarsSat4,45826.509,86400.000,40573.491,
Contact MarsSat2 - MarsSat3,0.000,86400.000,86400.000,
Contact MarsSat2 - MarsSat4,0.000,86400.000,86400.000,
Contact MarsSat3 - MarsSat4,0.000,20673.386,20673.386,
Contact MarsSat3 - MarsSat4,24428.064,58151.550,33723.486,
Contact MarsSat3 - MarsSat4,63168.560,86400.000,23231.440,
Analysis,Time True,Time False,Percent True,Interval Count,
Contact STARLINK-5220 - STARLINK-3347,0.000,86400.000,0.0000%,0,
Contact STARLINK-5220 - STARLINK-4314,0.000,86400.000,0.0000%,0,
Contact STARLINK-5220 - STARLINK-4776,0.000,86400.000,0.0000%,0,
Contact STARLINK-5220 - STARLINK-5178,14936.806,71463.194,17.2880%,7,
Contact STARLINK-5220 - STARLINK-30405,0.000,86400.000,0.0000%,0,
Contact STARLINK-5220 - STARLINK-5069,0.000,86400.000,0.0000%,0,
Contact STARLINK-5220 - STARLINK-3368,0.000,86400.000,0.0000%,0,
Contact STARLINK-5220 - STARLINK-1358,0.000,86400.000,0.0000%,0,
Contact STARLINK-5220 - STARLINK-1596,0.000,86400.000,0.0000%,0,
Contact STARLINK-5220 - MoonARTEMIS1,64910.806,21489.194,75.1282%,10,
Contact STARLINK-5220 - MoonARTEMIS2,61166.041,25233.959,70.7940%,10,
Contact STARLINK-5220 - MoonIOAGEO,59280.867,27119.133,68.6121%,10,
Contact STARLINK-5220 - MoonIOAGNO,66892.929,19507.071,77.4224%,10,
Contact STARLINK-5220 - MoonIOAGNO 0001,66892.469,19507.531,77.4218%,10,
Contact STARLINK-5220 - MoonIOAGSO,55420.466,30979.534,64.1441%,10,
Contact STARLINK-5220 - MoonIOAGSO 0001,57609.086,28790.914,66.6772%,9,
Contact STARLINK-5220 - MoonLRO,27475.001,58924.999,31.7998%,8,
Contact STARLINK-5220 - MarsSat1,68048.069,18351.931,78.7593%,10,
Contact STARLINK-5220 - MarsSat2,68048.072,18351.928,78.7593%,10,
Contact STARLINK-5220 - MarsSat3,68048.023,18351.977,78.7593%,10,
Contact STARLINK-5220 - MarsSat4,68048.025,18351.975,78.7593%,10,
Contact STARLINK-3347 - STARLINK-4314,7349.978,79050.022,8.5069%,6,
Contact STARLINK-3347 - STARLINK-4776,439.523,85960.477,0.5087%,2,
Contact STARLINK-3347 - STARLINK-5178,0.000,86400.000,0.0000%,0,
Contact STARLINK-3347 - STARLINK-30405,7316.407,79083.593,8.4681%,6,
Contact STARLINK-3347 - STARLINK-5069,20441.023,65958.977,23.6586%,6,
Contact STARLINK-3347 - STARLINK-3368,886.661,85513.339,1.0262%,2,
Contact STARLINK-3347 - STARLINK-1358,0.000,86400.000,0.0000%,0,
Contact STARLINK-3347 - STARLINK-1596,2327.151,84072.849,2.6935%,3,
Contact STARLINK-3347 - MoonARTEMIS1,65467.438,20932.562,75.7725%,8,
Contact STARLINK-3347 - MoonARTEMIS2,61981.561,24418.439,71.7379%,9,
Contact STARLINK-3347 - MoonIOAGEO,54094.003,32305.997,62.6088%,8,
Contact STARLINK-3347 - MoonIOAGNO,63327.547,23072.453,73.2958%,9,
Contact STARLINK-3347 - MoonIOAGNO 0001,63355.489,23044.511,73.3281%,9,
Contact STARLINK-3347 - MoonIOAGSO,58867.964,27532.036,68.1342%,8,
Contact STARLINK-3347 - MoonIOAGSO 0001,57695.759,28704.241,66.7775%,9,
Contact STARLINK-3347 - MoonLRO,31967.277,54432.723,36.9992%,8,
Contact STARLINK-3347 - MarsSat1,70486.123,15913.877,81.5812%,9,
Contact STARLINK-3347 - MarsSat2,70485.848,15914.152,81.5808%,9,
Contact STARLINK-3347 - MarsSat3,70486.073,15913.927,81.5811%,9,
Contact STARLINK-3347 - MarsSat4,70486.121,15913.879,81.5812%,9,
Contact STARLINK-4314 - STARLINK-4776,338.867,86061.133,0.3922%,1,
Contact STARLINK-4314 - STARLINK-5178,21590.270,64809.730,24.9887%,4,
Contact STARLINK-4314 - STARLINK-30405,0.000,86400.000,0.0000%,0,
Contact STARLINK-4314 - STARLINK-5069,1633.653,84766.347,1.8908%,6,
Contact STARLINK-4314 - STARLINK-3368,0.000,86400.000,0.0000%,0,
Contact STARLINK-4314 - STARLINK-1358,0.000,86400.000,0.0000%,0,
Contact STARLINK-4314 - STARLINK-1596,0.000,86400.000,0.0000%,0,
Contact STARLINK-4314 - MoonARTEMIS1,61507.270,24892.730,71.1890%,10,
Contact STARLINK-4314 - MoonARTEMIS2,68337.000,18063.000,79.0938%,9,
Contact STARLINK-4314 - MoonIOAGEO,57217.119,29182.881,66.2235%,8,
Contact STARLINK-4314 - MoonIOAGNO,69397.215,17002.785,80.3209%,9,
Contact STARLINK-4314 - MoonIOAGNO 0001,69392.924,17007.076,80.3159%,9,
Contact STARLINK-4314 - MoonIOAGSO,63284.825,23115.175,73.2463%,9,
Contact STARLINK-4314 - MoonIOAGSO 0001,60920.590,25479.410,70.5099%,10,
Contact STARLINK-4314 - MoonLRO,30280.173,56119.827,35.0465%,6,
Contact STARLINK-4314 - MarsSat1,86400.000,0.000,100.0000%,1,
Contact STARLINK-4314 - MarsSat2,86400.000,0.000,100.0000%,1,
Contact STARLINK-4314 - MarsSat3,86400.000,0.000,100.0000%,1,
Contact STARLINK-4314 - MarsSat4,86400.000,0.000,100.0000%,1,
Contact STARLINK-4776 - STARLINK-5178,0.000,86400.000,0.0000%,0,
Contact STARLINK-4776 - STARLINK-30405,43121.326,43278.674,49.9089%,1,
Contact STARLINK-4776 - STARLINK-5069,0.000,86400.000,0.0000%,0,
Contact STARLINK-4776 - STARLINK-3368,0.000,86400.000,0.0000%,0,
Contact STARLINK-4776 - STARLINK-1358,255.510,86144.490,0.2957%,1,
Contact STARLINK-4776 - STARLINK-1596,0.000,86400.000,0.0000%,0,
Contact STARLINK-4776 - MoonARTEMIS1,81865.834,4534.166,94.7521%,2,
Contact STARLINK-4776 - MoonARTEMIS2,86400.000,0.000,100.0000%,1,
Contact STARLINK-4776 - MoonIOAGEO,78448.196,7951.804,90.7965%,3,
Contact STARLINK-4776 - MoonIOAGNO,86400.000,0.000,100.0000%,1,
Contact STARLINK-4776 - MoonIOAGNO 0001,86400.000,0.000,100.0000%,1,
Contact STARLINK-4776 - MoonIOAGSO,83146.772,3253.228,96.2347%,3,
Contact STARLINK-4776 - MoonIOAGSO 0001,82835.765,3564.235,95.8747%,3,
Contact STARLINK-4776 - MoonLRO,66640.175,19759.825,77.1298%,9,
Contact STARLINK-4776 - MarsSat1,68970.484,17429.516,79.8269%,9,
Contact STARLINK-4776 - MarsSat2,68970.671,17429.329,79.8272%,9,
Contact STARLINK-4776 - MarsSat3,68970.609,17429.391,79.8271%,9,
Contact STARLINK-4776 - MarsSat4,68970.580,17429.420,79.8271%,9,
Contact STARLINK-5178 - STARLINK-30405,0.000,86400.000,0.0000%,0,
Contact STARLINK-5178 - STARLINK-5069,0.000,86400.000,0.0000%,0,
Contact STARLINK-5178 - STARLINK-3368,0.000,86400.000,0.0000%,0,
Contact STARLINK-5178 - STARLINK-1358,0.000,86400.000,0.0000%,0,
Contact STARLINK-5178 - STARLINK-1596,0.000,86400.000,0.0000%,0,
Contact STARLINK-5178 - MoonARTEMIS1,66898.947,19501.053,77.4293%,9,
Contact STARLINK-5178 - MoonARTEMIS2,73422.586,12977.414,84.9798%,9,
Contact STARLINK-5178 - MoonIOAGEO,66565.907,19834.093,77.0439%,8,
Contact STARLINK-5178 - MoonIOAGNO,72944.021,13455.979,84.4260%,9,
Contact STARLINK-5178 - MoonIOAGNO 0001,72939.298,13460.702,84.4205%,9,
Contact STARLINK-5178 - MoonIOAGSO,66523.926,19876.074,76.9953%,9,
Contact STARLINK-5178 - MoonIOAGSO 0001,66502.036,19897.964,76.9699%,9,
Contact STARLINK-5178 - MoonLRO,31073.094,55326.906,35.9642%,9,
Contact STARLINK-5178 - MarsSat1,77469.029,8930.971,89.6632%,7,
Contact STARLINK-5178 - MarsSat2,77469.784,8930.216,89.6641%,7,
Contact STARLINK-5178 - MarsSat3,77469.272,8930.728,89.6635%,7,
Contact STARLINK-5178 - MarsSat4,77469.073,8930.927,89.6633%,7,
Contact STARLINK-30405 - STARLINK-5069,4519.876,81880.124,5.2313%,2,
Contact STARLINK-30405 - STARLINK-3368,255.652,86144.348,0.2959%,1,
Contact STARLINK-30405 - STARLINK-1358,1200.605,85199.395,1.3896%,2,
Contact STARLINK-30405 - STARLINK-1596,14715.883,71684.117,17.0323%,1,
Contact STARLINK-30405 - MoonARTEMIS1,81937.270,4462.730,94.8348%,2,
Contact STARLINK-30405 - MoonARTEMIS2,83476.016,2923.984,96.6158%,4,
Contact STARLINK-30405 - MoonIOAGEO,74293.479,12106.521,85.9878%,3,
Contact STARLINK-30405 - MoonIOAGNO,86400.000,0.000,100.0000%,1,
Contact STARLINK-30405 - MoonIOAGNO 0001,86400.000,0.000,100.0000%,1,
Contact STARLINK-30405 - MoonIOAGSO,82287.142,4112.858,95.2397%,4,
Contact STARLINK-30405 - MoonIOAGSO 0001,81686.949,4713.051,94.5451%,5,
Contact STARLINK-30405 - MoonLRO,65603.351,20796.649,75.9298%,9,
Contact STARLINK-30405 - MarsSat1,61923.308,24476.692,71.6705%,9,
Contact STARLINK-30405 - MarsSat2,61923.378,24476.622,71.6706%,9,
Contact STARLINK-30405 - MarsSat3,61923.321,24476.679,71.6705%,9,
Contact STARLINK-30405 - MarsSat4,61923.294,24476.706,71.6705%,9,
Contact STARLINK-5069 - STARLINK-3368,37001.702,49398.298,42.8260%,7,
Contact STARLINK-5069 - STARLINK-1358,3958.129,82441.871,4.5812%,5,
Contact STARLINK-5069 - STARLINK-1596,73458.779,12941.221,85.0217%,7,
Contact STARLINK-5069 - MoonARTEMIS1,66867.039,19532.961,77.3924%,8,
Contact STARLINK-5069 - MoonARTEMIS2,66578.928,19821.072,77.0589%,10,
Contact STARLINK-5069 - MoonIOAGEO,53277.504,33122.496,61.6638%,9,
Contact STARLINK-5069 - MoonIOAGNO,68587.168,17812.832,79.3833%,10,
Contact STARLINK-5069 - MoonIOAGNO 0001,68582.558,17817.442,79.3780%,10,
Contact STARLINK-5069 - MoonIOAGSO,63625.384,22774.616,73.6405%,9,
Contact STARLINK-5069 - MoonIOAGSO 0001,62726.036,23673.964,72.5996%,10,
Contact STARLINK-5069 - MoonLRO,38918.285,47481.715,45.0443%,8,
Contact STARLINK-5069 - MarsSat1,68050.180,18349.820,78.7618%,10,
Contact STARLINK-5069 - MarsSat2,68050.030,18349.970,78.7616%,10,
Contact STARLINK-5069 - MarsSat3,68050.068,18349.932,78.7617%,10,
Contact STARLINK-5069 - MarsSat4,68050.089,18349.911,78.7617%,10,
Contact STARLINK-3368 - STARLINK-1358,3188.182,83211.818,3.6900%,5,
Contact STARLINK-3368 - STARLINK-1596,86400.000,0.000,100.0000%,1,
Contact STARLINK-3368 - MoonARTEMIS1,81306.005,5093.995,94.1042%,3,
Contact STARLINK-3368 - MoonARTEMIS2,85730.538,669.462,99.2252%,2,
Contact STARLINK-3368 - MoonIOAGEO,75442.642,10957.358,87.3179%,3,
Contact STARLINK-3368 - MoonIOAGNO,85469.924,930.076,98.9235%,2,
Contact STARLINK-3368 - MoonIOAGNO 0001,85451.065,948.935,98.9017%,2,
Contact STARLINK-3368 - MoonIOAGSO,83193.410,3206.590,96.2887%,3,
Contact STARLINK-3368 - MoonIOAGSO 0001,81901.932,4498.068,94.7939%,4,
Contact STARLINK-3368 - MoonLRO,64702.520,21697.480,74.8872%,9,
Contact STARLINK-3368 - MarsSat1,73570.967,12829.033,85.1516%,8,
Contact STARLINK-3368 - MarsSat2,73571.414,12828.586,85.1521%,8,
Contact STARLINK-3368 - MarsSat3,73571.026,12828.974,85.1517%,8,
Contact STARLINK-3368 - MarsSat4,73570.968,12829.032,85.1516%,8,
Contact STARLINK-1358 - STARLINK-1596,5206.137,81193.863,6.0256%,6,
Contact STARLINK-1358 - MoonARTEMIS1,63740.597,22659.403,73.7738%,8,
Contact STARLINK-1358 - MoonARTEMIS2,71519.371,14880.629,82.7771%,7,
Contact STARLINK-1358 - MoonIOAGEO,57923.489,28476.511,67.0411%,8,
Contact STARLINK-1358 - MoonIOAGNO,69407.629,16992.371,80.3329%,8,
Contact STARLINK-1358 - MoonIOAGNO 0001,69402.213,16997.787,80.3266%,8,
Contact STARLINK-1358 - MoonIOAGSO,60050.030,26349.970,69.5024%,7,
Contact STARLINK-1358 - MoonIOAGSO 0001,62971.622,23428.378,72.8838%,8,
Contact STARLINK-1358 - MoonLRO,27131.191,59268.809,31.4018%,9,
Contact STARLINK-1358 - MarsSat1,67333.447,19066.553,77.9322%,10,
Contact STARLINK-1358 - MarsSat2,67333.398,19066.602,77.9322%,10,
Contact STARLINK-1358 - MarsSat3,67333.474,19066.526,77.9323%,10,
Contact STARLINK-1358 - MarsSat4,67333.484,19066.516,77.9323%,10,
Contact STARLINK-1596 - MoonARTEMIS1,82375.867,4024.133,95.3424%,2,
Contact STARLINK-1596 - MoonARTEMIS2,86400.000,0.000,100.0000%,1,
Contact STARLINK-1596 - MoonIOAGEO,78772.190,7627.810,91.1715%,3,
Contact STARLINK-1596 - MoonIOAGNO,86400.000,0.000,100.0000%,1,
Contact STARLINK-1596 - MoonIOAGNO 0001,86400.000,0.000,100.0000%,1,
Contact STARLINK-1596 - MoonIOAGSO,83194.164,3205.836,96.2895%,3,
Contact STARLINK-1596 - MoonIOAGSO 0001,82890.586,3509.414,95.9382%,3,
Contact STARLINK-1596 - MoonLRO,66851.524,19548.476,77.3744%,9,
Contact STARLINK-1596 - MarsSat1,68523.885,17876.115,79.3101%,10,
Contact STARLINK-1596 - MarsSat2,68524.189,17875.811,79.3104%,10,
Contact STARLINK-1596 - MarsSat3,68524.002,17875.998,79.3102%,10,
Contact STARLINK-1596 - MarsSat4,68523.929,17876.071,79.3101%,10,
Contact MoonARTEMIS1 - MoonARTEMIS2,73233.661,13166.339,84.7612%,2,
Contact MoonARTEMIS1 - MoonIOAGEO,74399.656,12000.344,86.1107%,4,
Contact MoonARTEMIS1 - MoonIOAGNO,80287.291,6112.709,92.9251%,3,
Contact MoonARTEMIS1 - MoonIOAGNO 0001,80761.319,5638.681,93.4737%,3,
Contact MoonARTEMIS1 - MoonIOAGSO,81861.473,4538.527,94.7471%,2,
Contact MoonARTEMIS1 - MoonIOAGSO 0001,86400.000,0.000,100.0000%,1,
Contact MoonARTEMIS1 - MoonLRO,67027.945,19372.055,77.5786%,7,
Contact MoonARTEMIS1 - MarsSat1,83961.097,2438.903,97.1772%,2,
Contact MoonARTEMIS1 - MarsSat2,83961.008,2438.992,97.1771%,2,
Contact MoonARTEMIS1 - MarsSat3,83960.946,2439.054,97.1770%,2,
Contact MoonARTEMIS1 - MarsSat4,83961.006,2438.994,97.1771%,2,
Contact MoonARTEMIS2 - MoonIOAGEO,68180.217,18219.783,78.9123%,3,
Contact MoonARTEMIS2 - MoonIOAGNO,82430.064,3969.936,95.4052%,2,
Contact MoonARTEMIS2 - MoonIOAGNO 0001,78852.147,7547.853,91.2641%,3,
Contact MoonARTEMIS2 - MoonIOAGSO,84737.394,1662.606,98.0757%,2,
Contact MoonARTEMIS2 - MoonIOAGSO 0001,82256.060,4143.940,95.2038%,2,
Contact MoonARTEMIS2 - MoonLRO,56903.072,29496.928,65.8600%,10,
Contact MoonARTEMIS2 - MarsSat1,79987.974,6412.026,92.5787%,2,
Contact MoonARTEMIS2 - MarsSat2,79987.082,6412.918,92.5776%,2,
Contact MoonARTEMIS2 - MarsSat3,79988.211,6411.789,92.5789%,2,
Contact MoonARTEMIS2 - MarsSat4,79988.251,6411.749,92.5790%,2,
Contact MoonIOAGEO - MoonIOAGNO,77666.321,8733.679,89.8916%,3,
Contact MoonIOAGEO - MoonIOAGNO 0001,79210.974,7189.026,91.6794%,3,
Contact MoonIOAGEO - MoonIOAGSO,86400.000,0.000,100.0000%,1,
Contact MoonIOAGEO - MoonIOAGSO 0001,86400.000,0.000,100.0000%,1,
Contact MoonIOAGEO - MoonLRO,39652.285,46747.715,45.8938%,10,
Contact MoonIOAGEO - MarsSat1,78513.388,7886.612,90.8720%,3,
Contact MoonIOAGEO - MarsSat2,78513.333,7886.667,90.8719%,3,
Contact MoonIOAGEO - MarsSat3,78513.350,7886.650,90.8719%,3,
Contact MoonIOAGEO - MarsSat4,78513.414,7886.586,90.8720%,3,
Contact MoonIOAGNO - MoonIOAGNO 0001,75482.829,10917.171,87.3644%,5,
Contact MoonIOAGNO - MoonIOAGSO,80767.953,5632.047,93.4814%,3,
Contact MoonIOAGNO - MoonIOAGSO 0001,69761.407,16638.593,80.7424%,2,
Contact MoonIOAGNO - MoonLRO,43125.801,43274.199,49.9141%,10,
Contact MoonIOAGNO - MarsSat1,86400.000,0.000,100.0000%,1,
Contact MoonIOAGNO - MarsSat2,86400.000,0.000,100.0000%,1,
Contact MoonIOAGNO - MarsSat3,86400.000,0.000,100.0000%,1,
Contact MoonIOAGNO - MarsSat4,86400.000,0.000,100.0000%,1,
Contact MoonIOAGNO 0001 - MoonIOAGSO,69766.470,16633.530,80.7482%,3,
Contact MoonIOAGNO 0001 - MoonIOAGSO 0001,80767.937,5632.063,93.4814%,3,
Contact MoonIOAGNO 0001 - MoonLRO,33370.692,53029.308,38.6235%,9,
Contact MoonIOAGNO 0001 - MarsSat1,86400.000,0.000,100.0000%,1,
Contact MoonIOAGNO 0001 - MarsSat2,86400.000,0.000,100.0000%,1,
Contact MoonIOAGNO 0001 - MarsSat3,86400.000,0.000,100.0000%,1,
Contact MoonIOAGNO 0001 - MarsSat4,86400.000,0.000,100.0000%,1,
Contact MoonIOAGSO - MoonIOAGSO 0001,75482.829,10917.171,87.3644%,5,
Contact MoonIOAGSO - MoonLRO,43057.071,43342.929,49.8346%,11,
Contact MoonIOAGSO - MarsSat1,86400.000,0.000,100.0000%,1,
Contact MoonIOAGSO - MarsSat2,86400.000,0.000,100.0000%,1,
Contact MoonIOAGSO - MarsSat3,86400.000,0.000,100.0000%,1,
Contact MoonIOAGSO - MarsSat4,86400.000,0.000,100.0000%,1,
Contact MoonIOAGSO 0001 - MoonLRO,41956.799,44443.201,48.5611%,11,
Contact MoonIOAGSO 0001 - MarsSat1,86400.000,0.000,100.0000%,1,
Contact MoonIOAGSO 0001 - MarsSat2,86400.000,0.000,100.0000%,1,
Contact MoonIOAGSO 0001 - MarsSat3,86400.000,0.000,100.0000%,1,
Contact MoonIOAGSO 0001 - MarsSat4,86400.000,0.000,100.0000%,1,
Contact MoonLRO - MarsSat1,59702.231,26697.769,69.0998%,10,
Contact MoonLRO - MarsSat2,59702.314,26697.686,69.0999%,10,
Contact MoonLRO - MarsSat3,59702.240,26697.760,69.0998%,10,
Contact MoonLRO - MarsSat4,59702.171,26697.829,69.0997%,10,
Contact MarsSat1 - MarsSat2,86400.000,0.000,100.0000%,1,
Contact MarsSat1 - MarsSat3,86400.000,0.000,100.0000%,1,
Contact MarsSat1 - MarsSat4,82367.907,4032.093,95.3332%,2,
Contact MarsSat2 - MarsSat3,86400.000,0.000,100.0000%,1,
Contact MarsSat2 - MarsSat4,86400.000,0.000,100.0000%,1,
Contact MarsSat3 - MarsSat4,77628.312,8771.688,89.8476%,3,
