sl_5_86400_20240727 Distances.csv
2024/07/27 07:47:00.0000 UTC

Generated: Tue Oct  8 16:56:30 2024,
Start: 2024/07/27 07:47:00.00, Stop: 2024/07/28 07:47:00.00,
TIME_UNITS,Distance STARLINK-32099 - STARLINK-6252,Distance STARLINK-32099 - STARLINK-5407,Distance STARLINK-32099 - STARLINK-3891,Distance STARLINK-32099 - STARLINK-3564,Distance STARLINK-32099 - MoonARTEMIS1,Distance STARLINK-32099 - MoonARTEMIS2,Distance STARLINK-32099 - MoonIOAGEO,Distance STARLINK-32099 - MoonIOAGNO,Distance STARLINK-32099 - MoonIOAGNO 0001,Distance STARLINK-32099 - MoonIOAGSO,Distance STARLINK-32099 - MoonIOAGSO 0001,Distance STARLINK-32099 - MoonLRO,Distance STARLINK-32099 - MarsSat1,Distance STARLINK-32099 - MarsSat2,Distance STARLINK-32099 - MarsSat3,Distance STARLINK-32099 - MarsSat4,Distance STARLINK-6252 - STARLINK-5407,Distance STARLINK-6252 - STARLINK-3891,Distance STARLINK-6252 - STARLINK-3564,Distance STARLINK-6252 - MoonARTEMIS1,Distance STARLINK-6252 - MoonARTEMIS2,Distance STARLINK-6252 - MoonIOAGEO,Distance STARLINK-6252 - MoonIOAGNO,Distance STARLINK-6252 - MoonIOAGNO 0001,Distance STARLINK-6252 - MoonIOAGSO,Distance STARLINK-6252 - MoonIOAGSO 0001,Distance STARLINK-6252 - MoonLRO,Distance STARLINK-6252 - MarsSat1,Distance STARLINK-6252 - MarsSat2,Distance STARLINK-6252 - MarsSat3,Distance STARLINK-6252 - MarsSat4,Distance STARLINK-5407 - STARLINK-3891,Distance STARLINK-5407 - STARLINK-3564,Distance STARLINK-5407 - MoonARTEMIS1,Distance STARLINK-5407 - MoonARTEMIS2,Distance STARLINK-5407 - MoonIOAGEO,Distance STARLINK-5407 - MoonIOAGNO,Distance STARLINK-5407 - MoonIOAGNO 0001,Distance STARLINK-5407 - MoonIOAGSO,Distance STARLINK-5407 - MoonIOAGSO 0001,Distance STARLINK-5407 - MoonLRO,Distance STARLINK-5407 - MarsSat1,Distance STARLINK-5407 - MarsSat2,Distance STARLINK-5407 - MarsSat3,Distance STARLINK-5407 - MarsSat4,Distance STARLINK-3891 - STARLINK-3564,Distance STARLINK-3891 - MoonARTEMIS1,Distance STARLINK-3891 - MoonARTEMIS2,Distance STARLINK-3891 - MoonIOAGEO,Distance STARLINK-3891 - MoonIOAGNO,Distance STARLINK-3891 - MoonIOAGNO 0001,Distance STARLINK-3891 - MoonIOAGSO,Distance STARLINK-3891 - MoonIOAGSO 0001,Distance STARLINK-3891 - MoonLRO,Distance STARLINK-3891 - MarsSat1,Distance STARLINK-3891 - MarsSat2,Distance STARLINK-3891 - MarsSat3,Distance STARLINK-3891 - MarsSat4,Distance STARLINK-3564 - MoonARTEMIS1,Distance STARLINK-3564 - MoonARTEMIS2,Distance STARLINK-3564 - MoonIOAGEO,Distance STARLINK-3564 - MoonIOAGNO,Distance STARLINK-3564 - MoonIOAGNO 0001,Distance STARLINK-3564 - MoonIOAGSO,Distance STARLINK-3564 - MoonIOAGSO 0001,Distance STARLINK-3564 - MoonLRO,Distance STARLINK-3564 - MarsSat1,Distance STARLINK-3564 - MarsSat2,Distance STARLINK-3564 - MarsSat3,Distance STARLINK-3564 - MarsSat4,Distance MoonARTEMIS1 - MoonARTEMIS2,Distance MoonARTEMIS1 - MoonIOAGEO,Distance MoonARTEMIS1 - MoonIOAGNO,Distance MoonARTEMIS1 - MoonIOAGNO 0001,Distance MoonARTEMIS1 - MoonIOAGSO,Distance MoonARTEMIS1 - MoonIOAGSO 0001,Distance MoonARTEMIS1 - MoonLRO,Distance MoonARTEMIS1 - MarsSat1,Distance MoonARTEMIS1 - MarsSat2,Distance MoonARTEMIS1 - MarsSat3,Distance MoonARTEMIS1 - MarsSat4,Distance MoonARTEMIS2 - MoonIOAGEO,Distance MoonARTEMIS2 - MoonIOAGNO,Distance MoonARTEMIS2 - MoonIOAGNO 0001,Distance MoonARTEMIS2 - MoonIOAGSO,Distance MoonARTEMIS2 - MoonIOAGSO 0001,Distance MoonARTEMIS2 - MoonLRO,Distance MoonARTEMIS2 - MarsSat1,Distance MoonARTEMIS2 - MarsSat2,Distance MoonARTEMIS2 - MarsSat3,Distance MoonARTEMIS2 - MarsSat4,Distance MoonIOAGEO - MoonIOAGNO,Distance MoonIOAGEO - MoonIOAGNO 0001,Distance MoonIOAGEO - MoonIOAGSO,Distance MoonIOAGEO - MoonIOAGSO 0001,Distance MoonIOAGEO - MoonLRO,Distance MoonIOAGEO - MarsSat1,Distance MoonIOAGEO - MarsSat2,Distance MoonIOAGEO - MarsSat3,Distance MoonIOAGEO - MarsSat4,Distance MoonIOAGNO - MoonIOAGNO 0001,Distance MoonIOAGNO - MoonIOAGSO,Distance MoonIOAGNO - MoonIOAGSO 0001,Distance MoonIOAGNO - MoonLRO,Distance MoonIOAGNO - MarsSat1,Distance MoonIOAGNO - MarsSat2,Distance MoonIOAGNO - MarsSat3,Distance MoonIOAGNO - MarsSat4,Distance MoonIOAGNO 0001 - MoonIOAGSO,Distance MoonIOAGNO 0001 - MoonIOAGSO 0001,Distance MoonIOAGNO 0001 - MoonLRO,Distance MoonIOAGNO 0001 - MarsSat1,Distance MoonIOAGNO 0001 - MarsSat2,Distance MoonIOAGNO 0001 - MarsSat3,Distance MoonIOAGNO 0001 - MarsSat4,Distance MoonIOAGSO - MoonIOAGSO 0001,Distance MoonIOAGSO - MoonLRO,Distance MoonIOAGSO - MarsSat1,Distance MoonIOAGSO - MarsSat2,Distance MoonIOAGSO - MarsSat3,Distance MoonIOAGSO - MarsSat4,Distance MoonIOAGSO 0001 - MoonLRO,Distance MoonIOAGSO 0001 - MarsSat1,Distance MoonIOAGSO 0001 - MarsSat2,Distance MoonIOAGSO 0001 - MarsSat3,Distance MoonIOAGSO 0001 - MarsSat4,Distance MoonLRO - MarsSat1,Distance MoonLRO - MarsSat2,Distance MoonLRO - MarsSat3,Distance MoonLRO - MarsSat4,Distance MarsSat1 - MarsSat2,Distance MarsSat1 - MarsSat3,Distance MarsSat1 - MarsSat4,Distance MarsSat2 - MarsSat3,Distance MarsSat2 - MarsSat4,Distance MarsSat3 - MarsSat4,
SECONDS,km,km,km,km,km,km,km,km,km,km,km,km,km,km,km,km,km,km,km,km,km,km,km,km,km,km,km,km,km,km,km,km,km,km,km,km,km,km,km,km,km,km,km,km,km,km,km,km,km,km,km,km,km,km,km,km,km,km,km,km,km,km,km,km,km,km,km,km,km,km,km,km,km,km,km,km,km,km,km,km,km,km,km,km,km,km,km,km,km,km,km,km,km,km,km,km,km,km,km,km,km,km,km,km,km,km,km,km,km,km,km,km,km,km,km,km,km,km,km,km,km,km,km,km,km,km,km,km,km,km,km,km,km,km,km,km,
0.000,13700.2826,12449.4635,3179.7815,12097.4923,374590.8651,349308.0524,364523.2762,370780.9119,364607.0991,365161.4368,359190.9885,363675.2726,242460237.5173,242435862.0561,242431365.4490,242464900.1138,4902.7192,13135.0752,5612.2915,384855.5143,359447.9714,374708.1388,380844.2678,374655.3687,375486.2677,369522.8576,373911.7588,242468571.0669,242444195.8324,242439698.5025,242473232.9169,11196.3708,5606.4634,383365.5107,357892.5826,373001.0264,379240.9152,372984.2669,373756.5569,367866.2606,372265.3342,242470081.7039,242445706.5985,242441209.4311,242474743.8931,10434.0140,373805.9025,348450.1533,363611.4206,369877.7737,363668.2022,364284.5013,358348.8141,362807.1342,242460979.6509,242436604.4311,242432107.6877,242465642.2956,379784.5523,354325.9349,369550.8362,375687.8073,369476.3389,370356.7117,364416.0333,368783.9706,242465554.3016,242441179.3940,242436681.9855,242470216.3581,26784.4721,22169.3930,15287.5384,22469.4579,22003.0747,20514.2592,17543.4910,242165279.2324,242140915.9258,242136421.3223,242169956.0482,19439.9956,22174.8484,18861.1182,21420.5409,13918.2112,16202.7509,242189679.7219,242165316.1572,242160821.1258,242194355.7237,10866.6915,5684.8349,5759.3234,9822.0542,6083.3164,242185583.9284,242161221.1789,242156726.5301,242190261.2128,8585.0480,14320.3516,15853.2060,10057.9235,242176390.8661,242152028.3818,242147533.3071,242181067.8361,11365.4321,13245.9130,8646.9434,242184959.7850,242160597.3250,242156102.2590,242189636.7896,8585.0480,7195.4700,242184956.3739,242160593.3036,242156099.0762,242189633.9140,5886.0406,242185480.1208,242161116.6298,242156622.2900,242190157.1121,242182413.7808,242158050.6840,242153556.0986,242187090.8198,30898.2846,32671.6434,18691.0557,18437.5680,37939.8563,34170.7123,
3600.000,13749.2282,11218.5355,9211.4695,12215.1715,382091.3705,354251.1144,373580.7249,376190.9620,372158.8136,372597.5853,365651.6440,370860.8285,242441592.1964,242416544.5093,242409406.4192,242434804.4526,7894.4960,10025.6737,5967.5381,380988.6690,353444.8519,372835.6533,375449.7819,371646.5707,371734.9502,364612.9248,370091.1554,242437102.1813,242412053.5827,242404916.1537,242430315.0400,11286.2057,9381.6621,381053.5407,353492.4489,373055.6735,375526.4191,371729.3299,372024.5207,364921.6130,370219.0802,242434825.0049,242409776.7012,242402638.8038,242428037.2598,5002.9612,387845.2643,360117.7016,379409.3202,382074.4665,378121.3447,378357.3539,371339.2475,376714.5827,242445629.3383,242420581.0489,242413443.3016,242438841.8415,386375.1791,358763.7775,378113.6418,380751.1433,376891.2599,377028.8266,369944.5393,375390.4685,242442521.6490,242417473.0782,242410335.5146,242435734.3055,29186.9601,20596.8484,13885.5091,22647.6360,21185.0699,22542.2075,17577.5669,242137042.5036,242112003.7708,242104870.3333,242130266.7459,22264.9316,22230.0612,21034.6723,22267.2400,16412.8058,17450.6733,242163560.5537,242138521.6697,242131387.7298,242156783.9132,8661.5829,7318.4891,3792.0810,11310.5827,6433.3667,242155321.1804,242130282.9379,242123149.5623,242148545.7688,8773.8028,11159.9330,15402.8318,5918.7553,242148605.5955,242123567.4156,242116433.7439,242141829.7399,10833.6492,15938.4045,7474.9989,242156158.1344,242131120.2788,242123986.4534,242149382.1952,8773.8028,8118.4151,242156240.2714,242131201.7866,242124068.6183,242149465.0707,10377.0170,242158998.5955,242133959.6044,242126826.4847,242152223.2180,242153886.7455,242128848.3759,242121714.7760,242147110.9098,30644.5527,35213.4425,21055.6915,16722.4281,35613.9543,30116.2820,
7200.000,13747.1455,11395.4285,10105.0027,12125.0880,386827.1802,357226.2361,379755.0171,378464.5003,377850.5965,377364.6637,370057.0858,374241.9747,242414677.7723,242389858.6860,242380532.0050,242394896.2222,8204.5718,8974.4413,6428.0925,378095.1385,348222.8470,370663.0706,369470.1833,368581.1406,368273.2914,361124.9126,365239.7602,242412348.2793,242387529.9428,242378203.2369,242392566.8934,12376.8748,7544.6534,379465.4341,349697.6307,372033.8518,370880.9435,370123.2896,369622.2325,362326.1521,366584.2516,242414002.3808,242389183.5386,242379857.1955,242394221.4487,7000.3458,379473.6324,349799.0921,372426.5344,371092.0558,370383.0954,370056.2953,362871.6283,366930.4000,242408103.6819,242383285.1134,242373958.2176,242388321.9228,375604.3456,345885.1834,368380.8445,367129.3059,366403.8196,365991.0032,358750.8957,362903.9015,242407819.9582,242383001.3131,242373674.7430,242388038.7096,31244.6250,17903.1943,13575.7480,22138.9077,19640.2511,23847.3199,18285.8126,242108459.5746,242083646.7620,242074326.2756,242088689.8443,24109.0019,21495.9179,22777.1185,22363.4935,18617.1559,18459.2013,242136782.3454,242111969.5608,242102648.5062,242117011.6958,6256.6166,8389.3087,2700.2125,12375.5859,6423.6198,242124231.7872,242099419.3082,242090098.9556,242104462.3663,10031.2195,7259.7657,13457.3835,5845.5229,242121395.8633,242096583.3128,242087262.7633,242101626.1015,8953.3006,17529.3871,11004.7646,242126618.9598,242101806.9740,242092486.2451,242106849.0596,10031.2195,4959.9610,242126625.8072,242101813.2489,242092492.9149,242106856.3949,7894.8354,242131516.8964,242106703.7688,242097383.5960,242111747.5916,242126572.9106,242101760.1831,242092439.7481,242106803.2873,29759.7980,36674.4183,27068.0471,15816.4593,30049.6678,23027.1718,
10800.000,13712.5540,13014.2280,5281.7855,12574.2042,377434.3859,345956.0981,369988.6285,364225.8198,368460.8934,365917.6585,360398.5052,363630.1076,242383665.5645,242360225.7857,242349172.2447,242357153.4812,5368.1531,12454.6923,6232.9844,390137.4146,358704.5307,382818.2267,377043.7762,381260.9914,378735.6548,373326.5587,376443.0173,242391242.1438,242367802.4465,242356748.4415,242364729.4150,12310.7952,1706.9456,388274.5707,356721.7083,380849.7647,375108.9552,379177.9610,376742.4529,371426.8381,374453.2600,242391235.7454,242367796.3541,242356742.3258,242364723.0667,11427.0238,381335.0028,349824.0627,373794.2998,368042.7597,372278.4596,369730.9480,364129.7214,367447.7716,242388602.4661,242365162.5680,242354109.0903,242362090.4413,388073.7060,356489.8359,380594.6798,374862.4848,378914.0927,376487.3150,371148.9850,374200.2572,242392071.1507,242368631.7550,242357577.7849,242365558.5545,32972.1635,14893.9107,16811.4073,21087.6274,17822.1380,24486.4459,19020.4664,242079242.1079,242055804.2637,242044758.3630,242052741.5510,24815.2015,19275.2138,24120.2676,20659.4389,20457.7545,18333.3684,242109068.9852,242085631.4085,242074584.8891,242082567.6108,6383.3522,9018.4220,4561.0545,13125.5999,6677.7746,242092883.7905,242069446.1246,242058400.3554,242066383.4717,11998.5984,4720.5353,9612.4737,4179.1650,242096046.1066,242072608.2893,242061562.3886,242069545.5569,7312.1157,18125.6677,8552.0495,242096231.3769,242072794.2566,242061748.2862,242069730.9177,11998.5984,2339.6268,242096284.7762,242072847.2197,242061801.3104,242069784.2856,11269.0096,242102823.8759,242079385.6643,242068340.0408,242076323.6174,242097777.9340,242074340.3604,242063294.3900,242071277.3507,28262.6124,36938.5802,30016.5879,15705.2869,24639.9401,16818.8680,
14400.000,13663.6068,12895.1839,6014.4746,13014.4166,388039.6320,355036.5195,379057.9962,370938.9142,379066.8549,371396.5000,371481.5142,374047.6758,242363290.4673,242342528.4538,242330244.8661,242335859.7577,5036.4469,13060.3901,5953.1174,379779.9357,347004.2885,370908.0208,362818.1242,371173.3977,363260.1836,363149.3406,365866.5442,242355515.1128,242334752.3623,242322469.0728,242328084.4945,11309.1300,6189.2416,381007.6216,348292.9993,372231.5651,364203.5894,372515.2260,364583.5653,364611.7539,367233.2917,242353864.9362,242333102.3623,242320818.8660,242326434.1354,9923.6728,390830.4343,357964.5305,381952.7075,373879.2077,382089.6135,374296.7099,374362.2411,376950.3265,242363511.8236,242342749.5980,242330465.8868,242336080.8919,385322.8052,352607.0389,376497.8475,368429.1353,376811.1133,368852.9026,368740.6557,371462.2095,242358982.1860,242338219.3883,242325935.9329,242331551.3539,34379.2087,12920.4206,22255.0647,19595.1381,19118.4749,24493.9961,18344.1390,242049159.5681,242028394.7171,242016120.5430,242021739.0237,24342.8794,17436.8709,25075.2182,16760.1488,21920.7105,20135.2906,242080197.9612,242059433.6530,242047158.8346,242052776.8452,9587.2871,9384.9702,7669.7805,13611.3876,6004.3041,242061748.3134,242040983.5847,242028709.4563,242034327.8669,11333.8140,4950.7284,8346.3565,4150.6125,242071289.8758,242050525.1539,242038250.9880,242043869.3871,11779.0624,17784.8913,10993.3251,242064886.9763,242044122.7177,242031848.6372,242037466.7544,11333.8140,4268.2330,242067921.3766,242047156.7228,242034882.4024,242040500.7289,8496.3557,242072730.2798,242051965.0181,242039691.0708,242045309.8582,242067462.8269,242046697.9990,242034423.8619,242040042.3348,26242.1990,35964.0403,29520.2859,16201.7093,20893.7160,12738.4816,
18000.000,13572.2190,11691.3092,10695.2991,12903.9556,387132.3914,353314.5743,375538.7153,370540.5377,378565.2969,367690.9158,371250.9321,371476.4034,242330209.5748,242313419.1862,242300489.2468,242305636.7541,8018.5411,9791.0179,6347.8634,385595.6167,351426.2391,373819.4793,368541.4264,376522.1185,366006.9356,369550.3138,369608.0166,242333066.8577,242316277.0020,242303347.3760,242308494.5829,11524.6430,9501.1524,385782.9327,351665.4391,373993.1082,368679.8574,376764.7927,366091.9531,369476.6171,369760.0446,242335376.2200,242318585.8270,242305656.3256,242310803.8137,4475.3916,378886.3188,344911.9129,367223.8181,362130.7115,370107.2000,359416.0944,363022.8602,363110.9012,242324573.6045,242307783.4533,242294853.8031,242300001.1692,379880.3956,345785.2373,368146.1503,362938.4029,370921.3250,360332.1738,363896.1858,363971.6919,242327360.4332,242310570.3892,242297640.8422,242302788.1459,35471.0402,13346.6813,23719.0495,17768.7644,21530.4726,23884.3526,19865.1986,242018053.1147,242001256.2791,241988336.7736,241993487.2142,22785.1914,18800.4072,25629.9988,16185.6851,22999.8819,18666.4243,242050014.7703,242033218.7534,242020298.6153,242025448.6492,11391.3573,9653.6695,8940.6149,13784.1079,6900.8937,242031028.1148,242014231.4896,242001311.8922,242006462.2248,9481.5989,9339.2386,10470.9934,4735.2919,242040998.8462,242024202.2859,242011282.8983,242016433.1859,14825.3155,16522.1404,8760.7567,242032541.6898,242015745.3079,242002826.0177,242007976.2052,9481.5989,6283.0661,242039137.7919,242022341.0404,242009421.3379,242014571.7431,10444.3157,242041094.2757,242024297.0122,242011377.6826,242016528.3434,242037522.5375,242020725.9621,242007806.4444,242012956.7465,23878.7990,33797.3180,26634.6338,16994.2846,18153.6221,10255.8629,
21600.000,13430.0215,12435.4952,9567.2991,12886.6173,380355.6788,345454.2324,365146.0574,364474.9955,371052.2793,359521.2242,365040.7493,365651.9680,242298591.0932,242286841.1376,242274021.9833,242279225.6990,8117.2795,9318.5667,6746.7999,390453.9189,355787.9404,375357.3067,374973.7373,381440.9538,369775.7739,375418.6862,375963.2233,242302432.6621,242290683.0049,242277863.2002,242283066.9624,12584.5286,7189.8887,389025.0334,354226.7993,373883.2298,373407.7909,379865.9501,368430.9918,374094.8112,374535.0324,242300878.0571,242289128.8454,242276309.1951,242281512.7289,7746.1862,388704.3653,353857.7780,373509.8386,372851.0025,379452.3460,367794.3794,373277.8588,373970.4261,242306267.8887,242294517.8401,242281698.4389,242286902.2592,392810.4117,357969.6249,377635.1415,377052.9952,383587.5334,372055.3405,377625.8163,378190.6399,242306911.5191,242295162.0216,242282342.4010,242287546.0473,36248.9698,15914.0822,23554.9505,15787.7310,23110.8240,22658.1341,17837.3429,241985845.2981,241974085.2018,241961276.2971,241966481.5718,20392.8315,20600.6994,25739.6097,17203.6587,23677.3671,21207.6077,242018442.8901,242006683.8461,241993874.3725,241999079.3545,12506.2955,9875.9300,9604.0547,13506.7558,6225.8401,242000571.9280,241988812.2319,241976003.1105,241981208.2740,8584.9618,13246.8062,11365.4527,8853.3704,242007833.6064,241996073.8136,241983265.1982,241988470.2686,15853.2526,14319.5736,8815.4914,241999263.2215,241987503.4548,241974694.8166,241979899.8820,8584.9618,7302.9510,242008334.1483,241996574.0795,241983764.9136,241988970.2458,7545.2927,242007836.2425,241996075.7487,241983266.9812,241988472.3870,242003658.8035,241991898.7725,241979089.8668,241984295.1142,21472.7089,30607.6372,22469.4246,17727.5240,15479.6532,8903.0683,
25200.000,13270.8691,13654.7041,5140.4888,13332.7251,391782.0414,356399.7596,373178.5084,377332.6063,381670.2981,370834.6608,377600.8652,374570.2761,242273590.4131,242267434.0184,242255762.4170,242260561.2743,5188.4995,12763.0144,6520.5485,379997.2865,344657.0976,361399.3043,365568.1957,369905.9179,358900.9751,365677.4351,362759.2915,242265723.8193,242259566.6199,242247895.2624,242252694.2418,12381.8955,1713.8671,381776.3603,346570.5456,363236.2970,367557.1326,371806.4229,360707.3729,367552.6336,364650.8145,242265573.3277,242259416.1369,242247744.4929,242252543.6040,11594.7039,389206.4865,353922.2602,370651.6966,374942.7227,379194.0591,368375.4019,375200.4136,372113.6997,242268942.9101,242262786.6157,242251114.8983,242255913.7804,382487.8962,347316.2625,363965.0097,368333.2140,372552.8354,361459.8189,368325.5821,365404.2121,242265265.8814,242259108.7819,242247437.0551,242252236.1782,36710.4518,19141.8989,22598.6642,14059.2493,23909.7447,20821.3342,20052.5002,241952544.8571,241946374.8067,241934713.2897,241939511.4365,17616.1934,22182.8757,25293.2943,18535.3398,23898.5382,18581.4397,241985488.6411,241979319.7910,241967657.8327,241972455.8335,13205.6416,9906.8509,10000.5076,12600.1360,5999.9824,241969899.5375,241963730.0679,241952068.2909,241956866.3888,8773.9792,15938.9825,10833.2575,7963.8969,241972861.2812,241966691.4696,241955030.4227,241959828.2792,15402.4855,11158.9415,7693.9310,241965301.3490,241959131.5463,241947470.2528,241952268.2222,8773.9792,9117.0446,241975684.0150,241969513.9783,241957852.1275,241962650.4266,7957.6216,241972948.1570,241966777.8038,241955116.4122,241959914.5893,241972149.2279,241965979.4778,241954317.9847,241959116.0321,19447.3143,26757.7737,18535.9829,18056.1987,12282.4716,8710.6362,
28800.000,13086.4073,12871.2696,8618.6666,13519.6347,385713.1661,350378.0999,364653.0738,372982.6127,373944.1022,365050.6814,372378.8471,371091.6390,242234701.0137,242233933.7338,242224728.6708,242227638.7141,5217.0942,12946.3260,6297.2185,391399.4501,355778.7662,370213.5650,378241.6148,379479.8416,370804.7395,377912.1616,376663.8766,242241337.8296,242240570.9328,242231366.4018,242234276.0460,11399.5756,6745.4246,390452.2869,354796.0008,369226.4364,377203.2863,378484.9984,369693.5139,376823.1838,375628.4617,242243125.3515,242242358.0872,242233153.6103,242236063.2659,9338.2057,380297.7446,344779.0786,359139.8278,367276.1723,368413.5625,359566.6432,366788.0602,365554.9798,242233000.8251,242232233.2152,242223028.6561,242225938.4100,385497.7299,349824.1475,364282.3454,372250.6830,373541.9977,364877.2286,371952.3500,370722.5334,242237428.3431,242236661.1588,242227456.8748,242230366.3932,36848.9319,21841.2114,21105.3816,13594.7533,24013.4982,18485.7274,16855.3309,241918246.2829,241917464.1417,241908268.0152,241911174.0815,15164.4271,23425.4823,23997.1075,19751.9269,23483.0025,21636.1278,241951240.6048,241950459.6981,241941263.3210,241944169.3940,13590.9637,9336.5391,10096.1521,10908.7072,7334.2901,241938331.8781,241937550.3777,241928354.0586,241931260.1695,10031.6415,17529.6683,8952.5724,10189.8195,241936516.6281,241935734.5996,241926539.0847,241929444.7342,13456.6109,7258.7812,4181.1875,241931280.6958,241930498.7994,241921302.7497,241924208.7341,10031.6415,9486.6758,241941400.7086,241940618.6047,241931422.0857,241934328.4054,4568.6671,241936524.5348,241935742.2607,241926546.2898,241929452.2707,241934956.4528,241934174.4747,241924978.3401,241927884.3908,18221.8445,22929.6503,16992.3817,17705.6373,8813.3514,10082.6057,
32400.000,12858.0826,11930.1493,11574.9547,13262.2966,383006.6603,347488.7107,360706.2804,371133.9856,367335.0006,363152.1348,368832.0230,365178.3262,242202828.3311,242206561.3656,242201060.9767,242199011.8360,8120.1888,9596.4570,6715.1016,386853.6485,351656.7828,364758.2471,375467.5761,371301.3973,367069.8275,372945.0994,369259.6927,242201699.6085,242205433.1225,242199931.9365,242197883.4792,11783.3356,9582.4483,386420.3983,351140.0072,364336.7105,374936.6169,370906.9122,366858.3486,372504.8709,368836.4311,242199365.2426,242203099.0430,242197598.2058,242195549.4937,4186.9924,393148.9731,357761.5643,370918.1558,381469.9441,377510.7054,373265.4843,379070.6867,375401.5143,242210133.5727,242213867.0632,242208366.1673,242206317.4747,392690.3920,357401.6277,370537.9243,381168.4737,377105.3170,372886.3022,378708.7050,375031.7958,242207656.3429,242211390.0111,242205888.9286,242203840.4018,36653.4021,23327.9134,19193.9903,16459.4294,23469.2567,16643.2823,19509.4954,241883124.1908,241886842.1704,241881347.5397,241879292.4328,13941.4098,24299.2007,20884.1056,20698.2290,21605.0125,18165.7631,241915863.6167,241919582.7524,241914088.1012,241912033.1133,13655.0563,7070.0463,9772.7022,8362.0486,4586.3084,241905191.2370,241908909.7573,241903415.0737,241901360.0572,11998.9792,18125.6684,7312.3429,9964.7507,241899136.0059,241902853.9546,241897359.9910,241895304.3452,9611.3301,4720.4277,4057.5299,241898934.4356,241902652.7458,241897158.0154,241895103.0179,11998.9792,9860.3994,241905719.5775,241909437.6420,241903942.6020,241901887.8315,3813.2177,241899179.8004,241902897.9423,241897403.5078,241895348.2576,241901997.5088,241905715.8044,241900221.2430,241898166.1084,17909.7098,20219.3653,18884.9892,16594.8844,8143.4401,13245.7030,
36000.000,12589.9504,13070.9829,8831.3309,13322.9261,392752.1028,357856.9399,371348.1316,382375.6989,374111.9558,374364.1347,374825.3864,378561.8132,242172629.7231,242179734.3414,242178386.3335,242166598.3217,8009.0234,9666.1258,7063.8127,382330.1972,347301.0122,360762.1481,371758.8442,363536.0899,363776.1962,364335.8213,368030.2538,242167732.7500,242174836.5674,242173488.8120,242161700.3860,12765.8032,6815.5557,383856.9010,348979.2814,362333.1905,373486.9622,365101.5089,365168.6660,365916.5694,369589.4171,242169190.8664,242176294.7639,242174946.5288,242163158.4785,8458.8127,384565.7241,349679.2055,363214.0824,374203.4934,365975.1763,366291.8634,366649.5369,370408.6626,242164364.6254,242171469.0653,242170121.2071,242158333.0343,380054.7031,345192.8444,358623.4509,369721.9345,361387.4725,361555.0430,362132.9062,365846.9035,242163358.6001,242170462.6184,242169114.5317,242157326.4067,36107.5799,23259.8403,16945.9101,20507.2455,22294.2995,18412.4195,15450.1329,241847422.9224,241854512.3530,241853167.2338,241841372.7696,14491.9409,24787.5107,17104.1592,21310.1503,17746.3982,21375.6213,241879587.6920,241886678.1125,241885333.2068,241873538.8671,13305.5841,2825.2755,8935.6036,6410.0595,7813.2322,241870016.8043,241877106.5660,241875761.5227,241863967.0968,11333.3090,17784.6233,11780.2195,9472.8265,241861070.3001,241868159.5854,241866815.0836,241855020.1238,8346.9751,4951.4565,5077.1404,241867461.0095,241874550.6915,241873205.6484,241861411.1997,11333.3090,10070.1398,241868910.1586,241875999.7228,241874654.2369,241862860.0806,4571.1331,241864081.3717,241871171.2986,241869826.2363,241858031.8714,241862431.9789,241869521.6222,241868176.5648,241856382.1157,18196.5318,19700.0398,21566.4129,14986.1562,14133.3818,17708.2141,
39600.000,12299.8451,13690.9669,6446.3148,13695.2303,382919.6488,348990.9295,363948.7631,373809.9472,365521.5105,366046.9758,363068.7662,365724.8120,242130810.6574,242140322.3558,242142381.8682,242121106.7036,5052.4027,13033.8606,6806.5034,392838.6817,358786.4730,373859.3090,383577.9971,375368.7771,376097.7813,373009.4669,375615.5737,242138294.2516,242147806.2118,242149866.1362,242128590.9485,12425.2763,1968.3524,391244.9322,357082.4803,372167.3554,381848.7643,373650.5279,374472.5956,371405.6167,373959.1738,242138620.2707,242148131.9333,242150192.0495,242128916.7775,11661.5701,383418.2201,349360.8383,364275.1547,374154.7550,365838.4985,366408.0063,363534.1491,366127.0771,242134533.4883,242144044.8390,242146104.4582,242124829.2148,390025.8760,355833.7798,370909.0292,380593.2777,372389.4613,373223.6805,370179.6395,372718.0306,242138372.0634,242147883.5967,242149943.7384,242128668.4395,35188.5383,21548.5703,14451.8654,20542.1016,20483.5675,20002.0456,18147.0829,241811442.1717,241820940.5456,241822999.6643,241801722.2396,16392.5586,24863.8064,17076.9398,21553.9077,16411.6806,17458.2095,241842692.5558,241852191.6923,241854251.2381,241832973.8744,12412.0814,3545.4953,7566.8920,7900.4822,4997.7077,241832735.7203,241842234.2027,241844293.4486,241823016.0214,9481.2575,16521.6121,14825.8090,10386.8556,241822717.1959,241832215.3673,241834274.9852,241812997.4415,10471.4429,9340.4186,5039.2313,241831169.3161,241840667.7048,241842727.1239,241821449.6513,9481.2575,9106.8630,241831271.9522,241840770.4899,241842829.3312,241821551.9816,4848.1791,241829289.7729,241838788.7264,241840847.8339,241819570.5120,241828623.6933,241838122.3482,241840181.6152,241818904.2145,18670.1920,21217.7331,21366.2658,13532.5968,21989.6242,21659.0160,
43200.000,11997.7035,12401.8487,10742.0689,13609.2734,384603.2943,351641.0684,369034.5980,376091.0299,369187.4359,369747.3092,364645.9204,371488.8413,242100273.8564,242111463.5568,242115388.8682,242092546.2303,5371.3038,12797.4434,6639.3766,381524.5401,348822.4493,366130.8336,373270.4881,366434.7599,366676.0591,361501.6791,368511.6390,242095160.7164,242106350.9340,242110275.7945,242087432.7233,11523.9060,7274.6498,382218.9891,349522.1563,366929.7683,373953.1421,367180.7585,367514.9377,362251.1313,369228.7021,242093244.4706,242104434.8054,242108359.8817,242085516.8523,8692.7827,392543.0616,359726.5577,377138.8619,384167.4887,377341.8377,377782.0719,372581.6586,379499.6562,242103834.8279,242115025.1669,242118950.4708,242096107.5399,387877.5658,355212.5736,372531.4839,379655.0877,372842.6410,373063.0045,367859.5467,374884.4086,242099509.6718,242110700.1803,242114625.1012,242091781.9246,33864.4553,18325.5315,11877.5544,19158.4996,18018.0300,20406.8999,13613.2995,241775519.7958,241786698.9712,241790619.7237,241767779.8609,18714.2827,24474.3769,18038.3082,21402.4509,16419.0888,20381.2580,241805488.7086,241816668.3754,241820589.7418,241797749.9255,10864.2660,5686.1340,5757.6514,9824.2473,6852.3850,241793740.8090,241804919.9410,241808840.7930,241786000.9936,8584.8756,14318.7955,15853.2991,7080.9951,241784540.1304,241795719.1073,241799640.2491,241776800.6478,11365.4731,13247.6993,7977.8940,241793111.8862,241804290.8404,241808211.9698,241785372.3733,8584.8756,8841.6579,241793120.6142,241804299.9523,241808220.5316,241785380.5186,8847.2006,241793592.9823,241804772.7442,241808693.5300,241785853.4151,241788175.0900,241799354.4181,241803275.3680,241780435.5226,19151.9684,23350.0468,19756.0525,13044.6579,27942.7066,24849.5184,
46800.000,11640.3693,11948.1115,11846.3425,13278.0203,390416.1492,359348.4670,379097.6584,382569.3867,377966.5980,377971.5299,371379.9389,374862.3836,242066484.2593,242078725.3195,242082980.4307,242065292.7351,8222.1157,9411.0471,7081.6820,385080.9296,353811.0147,373578.4107,377118.8990,372321.8026,372520.2055,366088.7605,369452.5976,242066068.5487,242078308.8964,242082563.9353,242064877.1265,12013.8392,9623.9624,385732.3722,354564.3492,374193.5396,377871.0096,373084.9303,373062.7723,366614.4569,370113.8554,242068416.0646,242080656.7032,242084911.3531,242067224.0090,4124.1297,379042.9685,347907.1817,367683.4379,371151.1710,366499.1671,366586.2520,360037.8357,363467.6302,242057761.5128,242070002.1376,242074257.0873,242056569.8851,379000.1592,347804.4219,367552.1911,371086.2550,366354.2116,366464.0707,359978.6148,363395.2037,242059895.1023,242072135.5508,242076390.4087,242058703.3953,32090.8187,13934.9946,9634.6544,17132.3108,14897.1018,19908.1956,15841.5958,241740013.3513,241752246.2010,241756493.3365,241738812.9056,20695.2263,23502.5365,18972.6160,20819.9060,16724.8298,16440.8269,241768296.1449,241780529.1843,241784777.0908,241767096.7344,8658.4162,7319.6924,3791.5503,11312.2291,6770.1907,241753850.4578,241766083.2129,241770330.4019,241752650.1148,8774.1556,11157.9500,15402.1392,8758.9837,241747113.0855,241759345.7920,241763593.2778,241745913.1760,10832.8657,15939.5605,9299.7708,241754680.1895,241766912.6120,241771160.1247,241753480.3993,8774.1556,7063.7756,241754771.6210,241767004.5867,241771251.6555,241753571.0478,7403.9310,241757485.4914,241769718.9086,241773966.1500,241756285.0330,241754400.0544,241766633.0722,241770880.5099,241753199.9878,19736.9707,24777.4983,19959.9429,13870.2370,32501.6006,27885.0290,
50400.000,11243.0132,13211.3889,8247.1736,13424.7688,378699.2028,349833.3417,371032.2571,370576.7319,369128.5366,368525.9401,361310.2218,367785.4441,242026009.6625,242038633.7606,242042199.1199,242033409.4802,7902.4942,10050.4140,7367.2959,388479.8809,359640.0887,380872.1774,380325.0604,378957.1045,378376.4966,371148.7661,377564.8450,242031350.1318,242043974.3706,242047540.2756,242038750.3121,12928.6738,6435.1196,386928.1325,357957.1395,379292.7070,378718.9994,377213.4312,376815.1594,369726.2939,375962.5257,242030009.6329,242042633.3561,242046199.4966,242037410.4391,9128.9295,385828.0177,356921.2554,378110.9396,377721.8603,376184.5198,375599.4613,368414.8706,374907.8713,242034248.1144,242046872.1991,242050437.5814,242041647.9633,390496.6341,361523.6128,382814.0186,382324.7105,380771.9352,380323.4481,373216.5885,379540.6605,242035588.7375,242048212.5750,242051778.5208,242042989.2803,29803.6518,8993.3438,8758.3339,14709.8130,11350.1295,18616.0777,11236.2986,241705282.4003,241717901.9880,241721457.0786,241712676.9122,21868.6288,21641.3923,19612.3320,19720.8893,16915.4464,18607.1471,241731421.9245,241744041.3877,241747597.3686,241738817.3166,6253.4960,8390.3347,2702.3057,12376.8777,5273.0800,241714157.1660,241726776.6708,241730331.8310,241721551.8062,10032.0636,7257.7968,13455.8382,3486.0337,241711292.5762,241723912.1140,241727467.5999,241718687.4745,8951.8443,17529.9493,8710.9313,241716541.0160,241729160.0070,241732715.4664,241723936.3365,10032.0636,4996.2007,241716549.7369,241729169.3175,241732724.4923,241723944.3282,10975.8090,241721411.2927,241734031.4223,241737586.6560,241728805.4884,241714761.8533,241727381.3969,241730936.8613,241722156.7281,20685.7433,24895.9207,22622.5807,15638.1220,36265.2975,30540.8948,
54000.000,10858.0341,13127.5767,8406.0156,13630.6436,383745.9757,357507.2597,378966.5059,373522.9914,377007.6567,374875.9744,369016.1892,371384.6608,241998618.4276,242010837.5366,242013268.0607,242014880.5625,4891.6720,13264.1773,7092.9622,376119.3254,350004.4154,371365.0461,365889.2118,369579.4423,367317.3669,361248.0833,363768.3002,241992094.8115,242004314.5130,242006744.5129,242008356.2283,12473.1857,2453.1842,377609.7245,351572.4525,372868.2643,367353.6445,371184.1547,368838.3411,362702.0377,365260.3946,241991608.7690,242003828.7316,242006258.8375,242007869.9674,11630.5246,385912.4105,359767.6440,381145.2840,375631.9167,379311.4884,377067.5349,371186.3286,373545.4158,241996429.6553,242008648.9888,242011079.8967,242012691.6876,379452.3875,353439.7327,374714.7204,369186.1933,373061.4391,370689.4912,364538.6084,367103.3235,241992438.4237,242004658.4601,242007088.6672,242008699.5810,26906.3353,4924.2380,10614.0426,12063.1999,9429.7817,16554.7139,12379.8174,241671674.4842,241683893.7605,241686311.3325,241687932.6808,21995.9319,17754.2703,19861.3995,17672.3957,16802.0475,15027.1528,241695137.7444,241707356.5969,241709775.1273,241711396.6255,6383.8878,9019.4047,4563.0444,13126.6875,7653.3447,241675800.8877,241688020.0716,241690437.8395,241692059.2298,11999.3598,4720.3203,9610.1867,3183.2773,241678937.7096,241691157.0170,241693575.0708,241695196.0175,7312.5709,18125.6691,11212.9700,241679155.2290,241691373.7787,241693791.7323,241695414.2303,11999.3598,4492.4721,241679189.5697,241691408.5984,241693826.5836,241695448.1233,8325.3731,241685729.5616,241697949.3636,241700367.0503,241701987.2904,241681909.6765,241694128.9197,241696546.9525,241698168.0396,22280.3256,23655.1248,26343.7095,17792.4132,39329.4066,32425.3060,
57600.000,10433.2953,11571.8240,12268.3835,13289.7595,383780.1723,361300.4267,380898.4666,372289.7452,380690.1409,373284.7066,372208.0391,376468.4197,241963829.3385,241974716.7296,241975990.3395,241987767.6703,5565.5377,12613.5130,6984.5202,384508.1843,361875.4471,381661.0488,372992.6653,381196.8394,374044.0139,373062.1361,377169.5373,241967292.3254,241978179.0052,241979452.6613,241991231.2470,11627.0176,7772.5609,384079.7922,361469.6997,381293.1684,372574.7939,380827.3421,373690.1080,372546.3479,376788.4168,241969333.5047,241980220.5437,241981493.7774,241993272.1696,7991.7880,373499.5578,350950.3458,370680.0529,362001.5523,370332.0243,363073.8607,361935.7063,366206.0567,241958349.1101,241969236.4684,241970509.4172,241982287.5378,377800.0788,355151.3813,374972.5010,366283.7573,374471.0936,367358.7192,366354.7952,370468.7878,241962516.5940,241973403.3278,241974676.6379,241986455.5063,23240.6155,5253.0880,11555.7612,9476.5070,11698.9263,13701.6665,8035.4245,241639519.3989,241650410.5309,241651669.4398,241663456.1151,21010.2674,11949.7789,19662.5818,14239.4151,16276.6390,15993.8488,241659658.3990,241670548.8639,241671808.7293,241683595.5749,9588.6634,9386.1336,7669.3964,13612.2889,5097.7411,241639723.5488,241650614.4799,241651873.8042,241663660.3904,11332.8040,4952.1850,8347.5938,4874.4821,241649261.3344,241660152.2467,241661411.6421,241673198.1844,11781.3763,17784.3552,8202.0953,241642882.6696,241653772.9954,241655032.3128,241666820.0175,11332.8040,4245.3786,241645871.1119,241656761.9032,241658021.5790,241669808.0345,11270.5544,241650718.3783,241661610.0435,241662868.9684,241674654.6474,241644601.2270,241655492.0245,241656751.4450,241668538.1703,24692.7316,21326.6429,29500.2074,19980.8461,41472.0070,33164.3657,
61200.000,9953.5328,11690.8760,11582.1474,12975.1759,371558.6047,353658.1578,370073.1959,363786.9515,372267.2796,361842.5841,364247.4504,364960.6830,241928505.5403,241937014.9937,241937375.0637,241957345.0226,8303.5090,9283.6904,7432.4936,377560.1084,359734.8553,375939.5765,369855.2926,378326.8564,367715.3609,370219.1679,370901.9736,241930055.1104,241938564.6085,241938925.1916,241958894.4488,12256.1663,9628.9462,376672.2083,358764.2382,374968.4224,368897.2586,377275.9360,366821.5523,369485.2690,370001.9660,241927704.2094,241936212.8376,241936573.9448,241956543.8926,4372.1424,383122.4952,365228.2881,381626.1707,375356.5484,383836.6628,373395.2678,375803.9102,376519.8459,241938209.6161,241946718.8608,241947079.4015,241967049.1004,383633.9143,365753.3827,382047.9940,375881.7315,384333.2668,373840.4405,376342.1073,376997.4980,241936404.9107,241944913.9843,241945274.8403,241965244.4133,18511.9243,8078.3354,8810.3712,7683.2511,11521.0995,10063.0809,7273.1268,241609137.2132,241617654.3926,241617999.6158,241637976.0053,18984.4385,10150.5951,18954.5679,12461.4733,15254.5398,13039.0773,241625121.3974,241633637.7864,241633983.8611,241653960.4159,11392.0985,9655.1650,8939.4730,13784.6919,7178.0488,241606466.5849,241614983.3545,241615329.2160,241635305.4488,9480.9161,9341.5986,10471.8923,6240.9758,241616460.8928,241624977.5517,241625323.1889,241645299.8680,14826.3024,16521.0838,11024.6402,241608013.8527,241616530.2309,241616875.8614,241636852.9801,9480.9161,4450.1326,241614563.4161,241623080.3849,241623426.2992,241643402.1609,7905.1087,241616569.7523,241625087.5182,241625432.5870,241645408.2657,241613291.0143,241621808.0063,241622153.6697,241642129.8048,27926.3010,18418.5631,30745.5538,22052.8462,42148.8441,32265.0383,
64800.000,9470.8885,12840.8845,8151.9276,13164.5220,376606.6025,365005.0886,376745.7884,374827.1525,381981.1741,370524.5044,375259.5258,376366.6845,241904938.0475,241909955.9734,241909803.5820,241933602.7761,7773.2908,10427.9878,7668.6353,368400.2977,356806.4193,368639.3054,366640.6623,373842.9116,362327.0841,366982.8097,368206.8130,241899797.0255,241904815.7480,241904662.5865,241928461.7381,13068.6634,6054.9641,370045.1327,358522.9620,370285.6508,368400.7001,375597.1737,363861.8889,368508.8644,369885.1455,241901025.7802,241906045.2953,241905891.8089,241929690.4489,9739.3027,371525.0816,359968.1876,371517.4445,369806.7585,376882.2497,365347.3131,370197.2725,371240.5395,241897424.2916,241902442.2408,241902289.9771,241926089.0103,366588.8633,355069.4608,366714.2793,364942.9307,372081.7190,360376.6235,365117.3897,366379.9485,241895750.1365,241900769.2862,241900616.0911,241924414.8166,12144.1871,9156.3954,6160.0556,8153.7525,9174.8348,6614.4970,3661.4160,241580746.8437,241585777.5061,241585608.9919,241609411.5478,16112.3279,10084.4942,17645.9632,11658.3277,13646.7865,12435.8779,241591566.5371,241596596.5463,241596428.5787,241620231.2602,12506.5487,9877.6800,9602.9110,13506.7964,6087.7255,241576062.5105,241581092.6174,241580924.7804,241604727.2177,8584.7895,13248.5923,11365.4933,6713.1924,241583368.8086,241588398.9106,241588230.6148,241612033.5443,15853.3455,14318.0173,6810.7588,241574795.8270,241579825.8938,241579657.6381,241603460.5631,8584.7895,9179.3637,241583830.6910,241588861.4865,241588693.2728,241612495.3660,9712.7767,241583382.5891,241588414.0163,241588245.0531,241612047.2594,241579321.4262,241584351.7050,241584183.5253,241607986.1407,31847.5230,15736.7181,28698.4997,23971.5709,40326.1661,28846.0855,
68400.000,8980.4148,12004.4007,10422.7181,13131.3534,370860.9394,364866.8662,371039.2070,374258.8511,379175.1724,367672.9048,374014.4784,372456.5214,241871206.6255,241871624.5269,241871444.7043,241892129.3204,4781.6249,13452.0960,7378.4616,375890.0620,369822.8711,376080.9082,379133.5501,384142.2542,372834.7157,379098.5559,377517.7700,241876360.4342,241876777.3311,241876598.0815,241897282.8992,12494.4964,3002.0152,374666.6370,368514.9963,374892.0347,377790.0541,382883.5081,371649.2671,377838.5753,376290.8898,241877024.5333,241877441.3726,241877262.0010,241897946.9567,11499.3703,366097.2042,359915.7981,366367.0074,369279.2072,374365.6874,362898.0109,369090.4200,367653.0311,241871499.8799,241871918.3750,241871737.8246,241892422.6393,372285.5549,366101.5296,372524.3252,375361.7885,380487.8608,369285.0260,375444.8127,373908.9384,241875592.9578,241876009.8459,241875830.3522,241896515.3750,9621.0974,3753.1436,10327.4092,8874.4019,8194.9299,9357.4934,3359.6624,241550058.4125,241550491.0585,241550295.9498,241570983.2150,12707.7016,10203.1682,15578.1314,11028.1258,11349.3011,10138.1967,241558910.3448,241559342.9870,241559147.7523,241579835.1227,13205.5881,9908.4998,9999.4558,12599.4153,6400.1693,241548047.2096,241548479.5759,241548284.7428,241568971.9695,8774.3320,15940.1384,10832.4738,10149.7128,241551065.0494,241551497.5774,241551302.1986,241571989.7624,15401.7927,11156.9585,8440.3252,241543490.9410,241543923.6358,241543728.2910,241564415.7161,8774.3320,7035.2680,241553852.7522,241554286.3258,241554090.7228,241574777.7734,6202.7920,241551160.1042,241551593.9885,241551397.9005,241572085.1395,241549698.6518,241550131.7758,241549936.3109,241570623.5482,36254.6376,14435.0797,22317.0502,25754.9281,35253.8678,22159.6231,
72000.000,8456.4094,10431.6406,13113.7464,12596.5525,367471.0475,361700.0107,362783.6360,369889.0906,371864.7367,362358.9331,369370.3157,367505.7979,241842693.8047,241837476.8268,241837803.8941,241852815.9067,5732.2984,12402.2788,7323.7467,368191.9986,362617.1085,363542.5468,370904.7815,372659.0072,363052.1076,370219.7250,368346.0621,241840752.6356,241835536.0017,241835863.0149,241850874.7565,11762.5894,8237.4883,368176.0153,362725.9436,363548.3885,370958.9379,372686.8202,363208.5062,370347.8462,368390.3993,241838595.9745,241833378.4681,241833706.0839,241848717.8060,7266.2847,378990.7563,373406.0133,374338.1044,381600.1606,383453.7713,373992.0355,381059.4673,379128.7549,241849954.8263,241844736.8070,241845064.7614,241860076.4957,375214.3005,369699.4117,370576.4014,377984.4934,379703.6256,370115.8647,377298.1090,375401.4191,241845940.5776,241840723.4277,241841050.8740,241856062.4875,12695.6418,5113.0316,13762.8609,6115.7324,12213.9125,10836.6596,6356.9956,241516506.0466,241511306.2903,241511618.9912,241526635.1421,9276.5108,9976.2416,12432.8540,10253.6591,8309.1837,7728.6499,241526897.4535,241521698.2045,241522010.4238,241537026.7853,13590.6867,9337.4649,10095.0487,10907.1918,6373.5844,241521588.3061,241516388.4564,241516701.2209,241531717.3710,10032.4857,17530.2302,8951.1160,8096.8046,241519829.9162,241514630.2984,241514942.6161,241529959.2066,13455.0653,7256.8125,4876.0555,241514569.0799,241509369.8072,241509682.0772,241524698.3859,10032.4857,11079.8536,241524685.8836,241519487.6331,241519799.3661,241534815.4410,5730.0606,241519838.8428,241514640.3243,241514952.0464,241529968.4130,241519352.3234,241514152.8992,241514465.2633,241529481.5847,40930.4556,15444.5116,16619.4751,27445.4390,31786.1105,17038.6859,
75600.000,7886.4297,11199.3487,10935.4415,12367.4938,380012.6632,375397.6287,371405.8824,381440.3536,378111.4766,373252.3317,379382.5484,377429.2487,241821643.9513,241809907.4265,241811303.4920,241825364.7598,8381.9662,9174.3909,7782.7435,374772.1698,369964.0124,366058.4128,375976.2871,372784.4577,367883.3794,373996.8054,372072.8624,241819535.0708,241807799.1773,241809194.7654,241823256.3754,12470.6021,9594.8800,375989.1678,371105.2459,367236.0342,377262.8581,373921.8509,368844.7214,375185.2245,373194.5127,241821879.4416,241810144.8711,241811539.6231,241825601.0521,4812.3355,369222.3906,364653.9365,360639.9961,370725.4227,367334.8642,362470.8014,368629.3076,366659.3766,241811598.5904,241799862.7476,241801258.3451,241815319.7215,368449.3846,363721.9299,359779.3614,369813.3921,366477.9784,361532.6230,367745.4069,365777.0774,241813047.6390,241801312.4591,241802707.5952,241816769.1125,13644.7569,11135.4285,15183.1897,6789.0586,15510.5640,9461.7266,8870.3109,241484787.2824,241473071.7009,241474452.7755,241488520.7681,6936.2626,9256.8836,7461.2173,9410.7485,5470.4303,5531.3444,241494957.9979,241483243.3386,241484623.7374,241498692.1123,13654.4962,7068.9178,9771.3659,8360.4192,6505.1087,241495694.9693,241483979.5549,241485360.5008,241499428.5969,11999.7402,18125.6697,7312.7997,11291.9728,241489687.5172,241477972.2073,241479352.9707,241493421.6893,9609.0434,4720.2128,2120.8451,241489454.0176,241477739.2013,241479119.7493,241493187.8723,11999.7402,8338.5832,241496251.9137,241484538.2415,241485918.0629,241499986.0490,4136.2695,241489712.3319,241477997.3942,241479377.9785,241493446.3390,241491016.9200,241479302.2753,241480682.7006,241494750.8782,45668.4264,18487.3002,18464.5789,29095.5214,34436.2445,18672.0824,
79200.000,7314.5053,11937.9422,8764.3733,12525.5887,375770.4804,372831.3110,365032.2043,376265.9283,367825.0960,367435.5710,369147.8949,370462.8429,241789508.2778,241770591.2613,241773628.2542,241790607.8071,7649.3683,10821.3931,7956.9426,381735.1817,378855.3078,371054.1416,382226.6670,373849.3825,373549.6164,375139.8972,376459.7708,241793857.1082,241774938.9830,241777976.7004,241794956.1797,13186.4950,5682.0522,380155.7378,377257.2882,369440.9074,380468.7877,372242.7259,372098.4720,373528.9312,374818.6833,241792762.7458,241773843.7092,241776882.0438,241793861.8901,10277.6309,378706.8036,375541.4954,367717.7210,378876.3503,370516.2148,370117.0117,371938.4985,373180.1990,241795712.9292,241776796.3608,241779833.0775,241796812.9843,383466.1775,380445.4823,372619.9251,383659.2869,375422.7674,375215.0233,376767.4891,378026.7130,241797687.6579,241778769.1468,241781807.1387,241798787.0317,10994.2314,15755.6621,15431.6630,13858.4136,17813.1871,9402.0912,11273.1289,241454575.9367,241435679.5181,241438703.4004,241455691.1313,7907.5823,8968.0354,5093.3959,9855.3535,5504.5781,3422.6879,241462113.1623,241443217.7606,241446240.9942,241463229.0961,13304.5755,2823.4121,8933.9514,6411.7570,5931.8542,241469453.8235,241450557.9603,241453581.4915,241470569.4884,11332.2990,17784.0871,11782.5330,8734.0983,241460538.9108,241441642.8313,241444666.5357,241461655.1401,8348.2127,4952.9140,3633.6262,241466905.3713,241448009.7024,241451033.1082,241468021.1469,11332.2990,11093.1322,241468369.7692,241449475.5121,241452497.9788,241469485.7834,3534.4168,241463504.8111,241444608.6000,241447632.3547,241464620.2550,241463810.2979,241444914.3226,241447937.9329,241464926.0371,50281.8744,22546.0600,22389.1590,30759.9715,39857.4125,22624.1178,
82800.000,6763.1620,10364.2390,12100.7750,12217.7714,376861.9376,370017.6248,365386.4945,375601.0069,367000.1958,367441.8329,365544.5230,370206.5382,241766666.4786,241740175.9871,241745436.6108,241767025.5166,4648.5794,13597.8392,7662.7188,373853.0356,367049.9396,362473.8744,372778.9134,364134.8046,364420.0629,362545.9708,367242.5157,241763047.1421,241736557.4021,241741817.4598,241763406.1054,12525.1942,3631.7815,374773.5624,368032.9765,363550.0022,373878.7066,365229.9415,365450.1355,363526.8714,368260.7821,241762221.9134,241735732.0548,241740992.1228,241762580.4896,11271.5328,383685.1846,376993.2939,372600.3057,382765.8890,374210.3352,374658.9022,372557.1043,377298.2379,241768458.5435,241741966.5408,241747228.0329,241768816.3704,377794.2585,371078.5552,366630.2013,376974.4131,368320.6094,368504.2340,366569.0144,371317.7827,241764269.7993,241737779.8031,241743039.9186,241764628.1060,8902.3181,18644.2692,14843.8943,17883.6338,19226.5626,13535.3224,12220.5546,241425445.6655,241398976.7695,241404224.7644,241425820.8964,10093.1139,11278.3092,9764.9659,12287.6205,5375.2518,4731.2145,241434063.1714,241407594.4789,241412842.3683,241434438.6225,12410.4317,3546.3125,7565.0313,7903.2088,6772.4725,241442229.7261,241415761.8068,241421009.2485,241442605.7782,9480.5748,16520.5553,14826.7957,10231.7008,241432223.4580,241405754.9192,241411002.8751,241432599.8116,10472.3416,9342.7786,7090.6852,241440665.2716,241414196.9568,241419444.6999,241441041.3811,9480.5748,8194.1951,241440779.9831,241414313.3223,241419559.8664,241441156.1633,5652.4953,241438749.8184,241412281.4131,241417529.0776,241439125.1974,241435898.3317,241409430.3999,241414677.8133,241436274.1954,54606.1485,26774.6283,24472.5410,32491.6715,45519.0928,26200.7780,
86400.000,6149.9697,9159.2409,13264.4748,11573.1807,386937.1729,375362.3591,376700.4290,384465.2660,377092.7683,377267.0295,372898.8160,377034.9663,241745071.9035,241710927.8305,241718996.0716,241745395.4075,5932.6585,12161.4368,7665.9266,385660.2891,374025.3372,375217.4860,382984.1007,375559.6698,375847.4109,371559.7464,375603.5207,241745868.7799,241711724.7696,241719793.1286,241746192.7631,11877.7883,8667.8202,386035.1993,374373.5951,375400.0970,383283.0371,375807.6453,375975.7789,371786.6158,375876.6809,241748136.8208,241713993.8859,241722061.5114,241748461.1766,6517.3629,374900.3789,363282.3227,364443.2846,372301.3406,364873.0421,364987.7294,360720.6531,364864.2386,241736478.6153,241702336.1239,241710403.4359,241736803.0935,378381.5607,366725.4629,367840.6996,375640.7245,368192.0649,368468.6270,364224.2983,368262.0721,241740286.6441,241706143.3866,241714211.3216,241740611.1428,12273.5330,19700.8082,13672.4771,19943.9038,19807.6124,17197.0638,14903.0940,241396992.9530,241362871.5373,241370927.4309,241397333.1429,12970.9476,12941.3334,13171.1472,14336.4717,8127.1725,7231.8240,241409034.8639,241374912.9823,241382969.1921,241409374.8881,10861.8395,5687.4343,5755.9812,9826.4394,6213.2174,241413780.5393,241379660.4022,241387715.6267,241414121.7485,8584.7034,14317.2391,15853.3917,8364.2462,241404573.8374,241370452.7624,241378508.7195,241404914.9862,11365.5135,13249.4852,6434.1469,241413147.9817,241379026.9720,241387082.8911,241413489.1718,8584.7034,9445.9550,241413166.6789,241379047.3644,241387101.9179,241413507.8604,8092.1829,241413590.3888,241379469.8045,241387525.0837,241413930.7317,241410715.1558,241376594.0692,241384649.8836,241411055.8726,58498.6560,30629.2734,23876.7673,34338.7386,50478.5605,28931.4948,
